0 2 6 20 5 6 72 5 6 47 1 7 81 95 95 95 95 95 95 95 95 95 95 95 95 95 95 95 95 95 95 95 95 95 95 95 95 95 95 95 95 95 95 95 95 95 95 95 95 95 95 95 95 95 95 95 95 95 95 95 95 95 95 95 95 95 95 95 95 95 95 95 95 95 95 95 95 95 95 95 95 95 95 95 95 95 95 95 95 95 95 95 95 95 95 95 95 95 95 95 95 95 95 95 95 95 95 95 95 95 95 95 95 95 95 95 95 95 95 95 95 95 95 95 95 95 95 95 95 95 95 95 95 95 95
0 2 6 25 1 7 26 3 4 8 26 16 90 10 11 4 8 26 18 92 10 12 4 8 26 18 91 10 11 4 8 26 17 91 10 11 4 8 26 16 91 10 12 4 8 26 18 89 90 10 11 4 8 26 18 93 10 11 4 8 26 18 93 10 12 4 8 26 18 92 10 11 4 8 26 15 93 10 11 4 8 26 17 91 10 12 4 8 26 15 93 10 12 4 8 26 14 92 10 11 4 8 26 14 92 10 11 4 8 28 16 91 10 12 4 8 26 14 89 90 10 11 4 8 28 16 93 10 12 4 8 26 18 90 10
0 2 6 20 1 7 21 95 95 95 95 95 95 95 95 95 95 95 95 95 95 95 95 95 95 95 95 95 95 95 95 95 95 95 95 95 95 95 95 95 95 95 95 95 95 95 95 95 95 95 95 95 95 95 95 95 95 95 95 95 95 95 95 95 95 95 95 95 95 95 95 95 95 95 95 95 95 95 95 95 95 95 95 95 95 95 95 95 95 95 95 95 95 95 95 95 95 95 95 95 95 95 95 95 95 95 95 95 95 95 95 95 95 95 95 95 95 95 95 95 95 95 95 95 95 95 95 95 95 95 95 95 95 95 95
0 2 6 20 1 7 24 3 4 8 21 14 92 10 12 4 8 23 17 91 10 12 4 8 24 14 92 10 11 4 8 21 14 93 10 11 4 8 21 13 94 10 11 4 8 23 16 90 10 11 4 8 23 16 90 10 12 4 8 24 18 93 10 11 4 8 21 13 89 92 10 11 4 8 21 13 92 10 11 4 8 21 17 92 10 12 4 8 21 17 91 10 11 4 8 21 16 94 10 12 4 8 21 17 91 10 11 4 8 22 17 93 10 12 4 8 21 14 93 10 11 4 8 23 18 93 10 11 4 8 22 15 93 10 11
0 2 6 20 5 6 25 5 6 72 5 6 62 1 7 70 3 4 8 27 15 92 10 11 4 8 24 15 94 10 12 4 8 86 18 92 10 12 4 8 88 13 94 10 11 4 8 75 15 90 10 12 4 8 87 16 91 10 11 4 8 81 16 90 10 11 4 8 77 13 94 10 11 4 8 74 15 91 10 11 4 8 67 16 90 10 11 4 8 80 14 92 10 12 4 8 26 13 94 10 12 4 8 86 14 94 10 11 4 8 23 17 92 10 11 4 8 74 16 94 10 11 4 8 63 18 92 10 11 4 8 74 16 93 10
0 2 6 72 1 7 87 95 95 95 95 95 95 95 95 95 95 95 95 95 95 95 95 95 95 95 95 95 95 95 95 95 95 95 95 95 95 95 95 95 95 95 95 95 95 95 95 95 95 95 95 95 95 95 95 95 95 95 95 95 95 95 95 95 95 95 95 95 95 95 95 95 95 95 95 95 95 95 95 95 95 95 95 95 95 95 95 95 95 95 95 95 95 95 95 95 95 95 95 95 95 95 95 95 95 95 95 95 95 95 95 95 95 95 95 95 95 95 95 95 95 95 95 95 95 95 95 95 95 95 95 95 95 95 95
0 2 6 29 5 6 62 5 6 72 1 7 88 95 95 95 95 95 95 95 95 95 95 95 95 95 95 95 95 95 95 95 95 95 95 95 95 95 95 95 95 95 95 95 95 95 95 95 95 95 95 95 95 95 95 95 95 95 95 95 95 95 95 95 95 95 95 95 95 95 95 95 95 95 95 95 95 95 95 95 95 95 95 95 95 95 95 95 95 95 95 95 95 95 95 95 95 95 95 95 95 95 95 95 95 95 95 95 95 95 95 95 95 95 95 95 95 95 95 95 95 95 95 95 95 95 95 95 95 95 95 95 95 95 95
0 2 6 29 5 6 62 1 7 34 3 4 8 35 15 91 10 11 4 8 68 13 90 10 12 4 8 38 16 90 10 11 4 8 34 16 90 10 11 4 8 34 14 90 10 11 4 8 68 15 94 10 11 4 8 64 17 90 10 11 4 8 30 13 94 10 12 4 8 63 17 91 10 11 4 8 71 18 89 90 10 12 4 8 70 15 90 10 12 4 8 37 16 90 10 11 4 8 68 16 90 10 11 4 8 35 15 92 10 11 4 8 65 16 91 10 12 4 8 31 14 90 10 11 4 8 63 16 91 10 11 4 8 63 14
0 2 6 25 5 6 72 1 7 86 95 95 95 95 95 95 95 95 95 95 95 95 95 95 95 95 95 95 95 95 95 95 95 95 95 95 95 95 95 95 95 95 95 95 95 95 95 95 95 95 95 95 95 95 95 95 95 95 95 95 95 95 95 95 95 95 95 95 95 95 95 95 95 95 95 95 95 95 95 95 95 95 95 95 95 95 95 95 95 95 95 95 95 95 95 95 95 95 95 95 95 95 95 95 95 95 95 95 95 95 95 95 95 95 95 95 95 95 95 95 95 95 95 95 95 95 95 95 95 95 95 95 95 95 95
0 2 6 25 5 6 72 5 6 20 1 7 76 95 95 95 95 95 95 95 95 95 95 95 95 95 95 95 95 95 95 95 95 95 95 95 95 95 95 95 95 95 95 95 95 95 95 95 95 95 95 95 95 95 95 95 95 95 95 95 95 95 95 95 95 95 95 95 95 95 95 95 95 95 95 95 95 95 95 95 95 95 95 95 95 95 95 95 95 95 95 95 95 95 95 95 95 95 95 95 95 95 95 95 95 95 95 95 95 95 95 95 95 95 95 95 95 95 95 95 95 95 95 95 95 95 95 95 95 95 95 95 95 95 95
0 2 6 72 5 6 29 5 6 62 5 6 20 1 7 74 5 7 81 5 7 30 3 4 8 80 18 91 10 12 4 8 33 16 90 10 12 4 8 33 18 91 10 11 4 8 38 18 91 10 11 4 8 30 16 91 10 11 4 8 36 15 94 10 12 4 8 77 14 94 10 11 4 8 24 18 94 10 11 4 8 30 16 94 10 11 4 8 22 15 90 10 11 4 8 73 15 93 10 11 4 8 68 14 90 10 11 4 8 79 16 90 10 11 4 8 66 17 93 10 12 4 8 74 16 92 10 11 4 8 35 16 94 10 12
0 2 6 72 1 7 84 95 95 95 95 95 95 95 95 95 95 95 95 95 95 95 95 95 95 95 95 95 95 95 95 95 95 95 95 95 95 95 95 95 95 95 95 95 95 95 95 95 95 95 95 95 95 95 95 95 95 95 95 95 95 95 95 95 95 95 95 95 95 95 95 95 95 95 95 95 95 95 95 95 95 95 95 95 95 95 95 95 95 95 95 95 95 95 95 95 95 95 95 95 95 95 95 95 95 95 95 95 95 95 95 95 95 95 95 95 95 95 95 95 95 95 95 95 95 95 95 95 95 95 95 95 95 95 95
0 2 6 72 1 7 74 5 7 82 95 95 95 95 95 95 95 95 95 95 95 95 95 95 95 95 95 95 95 95 95 95 95 95 95 95 95 95 95 95 95 95 95 95 95 95 95 95 95 95 95 95 95 95 95 95 95 95 95 95 95 95 95 95 95 95 95 95 95 95 95 95 95 95 95 95 95 95 95 95 95 95 95 95 95 95 95 95 95 95 95 95 95 95 95 95 95 95 95 95 95 95 95 95 95 95 95 95 95 95 95 95 95 95 95 95 95 95 95 95 95 95 95 95 95 95 95 95 95 95 95 95 95 95 95
0 2 6 72 5 6 20 5 6 47 1 7 84 3 4 8 87 15 92 10 11 4 8 21 17 92 10 11 4 8 80 18 91 10 12 4 8 52 14 90 10 12 4 8 49 17 90 10 11 4 8 52 17 91 10 12 4 8 74 14 91 10 11 4 8 73 15 92 10 12 4 8 21 14 92 10 11 4 8 74 18 90 10 11 4 8 75 17 90 10 11 4 8 87 16 92 10 12 4 8 52 18 94 10 12 4 8 49 15 92 10 12 4 8 87 16 91 10 11 4 8 73 16 91 10 11 4 8 23 17 94 10 11 4 8
0 2 6 62 5 6 72 1 7 71 3 4 8 78 18 89 91 10 11 4 8 67 16 90 10 11 4 8 71 16 91 10 12 4 8 67 16 91 10 11 4 8 88 13 89 94 10 12 4 8 88 14 92 10 12 4 8 74 17 91 10 12 4 8 71 13 89 90 10 11 4 8 63 15 91 10 12 4 8 74 14 89 90 10 12 4 8 73 15 91 10 11 4 8 78 14 89 92 10 11 4 8 71 13 92 10 11 4 8 67 16 91 10 12 4 8 74 17 91 10 11 4 8 67 13 90 10 11 4 8 79 17 92 10 12
0 2 6 47 1 7 49 5 7 48 5 7 50 5 7 49 3 4 8 48 17 90 10 12 4 8 50 14 92 10 11 4 8 50 16 91 10 11 4 8 51 18 94 10 11 4 8 49 17 91 10 12 4 8 51 13 94 10 12 4 8 52 17 91 10 11 4 8 48 13 94 10 12 4 8 51 14 92 10 12 4 8 51 16 91 10 12 4 8 51 13 94 10 11 4 8 49 13 92 10 11 4 8 49 17 93 10 11 4 8 52 17 90 10 11 4 8 51 16 89 90 10 11 4 8 49 13 94 10 12 4 8 51 16 90
0 2 6 25 1 7 26 95 95 95 95 95 95 95 95 95 95 95 95 95 95 95 95 95 95 95 95 95 95 95 95 95 95 95 95 95 95 95 95 95 95 95 95 95 95 95 95 95 95 95 95 95 95 95 95 95 95 95 95 95 95 95 95 95 95 95 95 95 95 95 95 95 95 95 95 95 95 95 95 95 95 95 95 95 95 95 95 95 95 95 95 95 95 95 95 95 95 95 95 95 95 95 95 95 95 95 95 95 95 95 95 95 95 95 95 95 95 95 95 95 95 95 95 95 95 95 95 95 95 95 95 95 95 95 95
0 2 6 53 5 6 72 5 6 20 1 7 56 3 4 8 74 14 94 10 11 4 8 87 14 93 10 12 4 8 81 14 92 10 11 4 8 55 17 91 10 12 4 8 74 17 92 10 12 4 8 74 18 91 10 11 4 8 79 15 89 90 10 11 4 8 88 15 94 10 11 4 8 74 17 91 10 11 4 8 79 15 93 10 11 4 8 75 14 92 10 11 4 8 74 16 94 10 12 4 8 75 15 93 10 11 4 8 75 14 93 10 12 4 8 56 15 92 10 11 4 8 73 14 92 10 12 4 8 79 13 94 10 11 4
0 2 6 20 5 6 47 1 7 22 5 7 19 95 95 95 95 95 95 95 95 95 95 95 95 95 95 95 95 95 95 95 95 95 95 95 95 95 95 95 95 95 95 95 95 95 95 95 95 95 95 95 95 95 95 95 95 95 95 95 95 95 95 95 95 95 95 95 95 95 95 95 95 95 95 95 95 95 95 95 95 95 95 95 95 95 95 95 95 95 95 95 95 95 95 95 95 95 95 95 95 95 95 95 95 95 95 95 95 95 95 95 95 95 95 95 95 95 95 95 95 95 95 95 95 95 95 95 95 95 95 95 95 95 95
0 2 6 47 1 7 49 5 7 52 3 4 8 49 17 93 10 12 4 8 50 16 91 10 11 4 8 51 13 94 10 11 4 8 52 17 91 10 12 4 8 52 18 91 10 11 4 8 49 15 94 10 12 4 8 49 15 91 10 11 4 8 48 13 90 10 11 4 8 48 13 94 10 12 4 8 48 16 91 10 12 4 8 49 14 90 10 11 4 8 50 16 91 10 11 4 8 50 16 91 10 11 4 8 49 18 92 10 12 4 8 50 15 93 10 11 4 8 50 18 93 10 11 4 8 51 13 94 10 11 4 8 48 16 90
0 2 6 62 1 7 66 3 4 8 67 16 93 10 11 4 8 67 16 93 10 12 4 8 68 18 94 10 11 4 8 63 18 91 10 11 4 8 67 16 93 10 12 4 8 71 13 94 10 11 4 8 68 13 94 10 11 4 8 71 13 90 10 11 4 8 67 18 90 10 12 4 8 71 18 89 93 10 11 4 8 68 18 89 90 10 11 4 8 63 15 94 10 12 4 8 71 16 91 10 11 4 8 68 13 94 10 12 4 8 68 14 90 10 11 4 8 66 13 90 10 11 4 8 68 14 92 10 11 4 8 68 13 89 94
0 2 6 72 1 7 79 5 7 83 95 95 95 95 95 95 95 95 95 95 95 95 95 95 95 95 95 95 95 95 95 95 95 95 95 95 95 95 95 95 95 95 95 95 95 95 95 95 95 95 95 95 95 95 95 95 95 95 95 95 95 95 95 95 95 95 95 95 95 95 95 95 95 95 95 95 95 95 95 95 95 95 95 95 95 95 95 95 95 95 95 95 95 95 95 95 95 95 95 95 95 95 95 95 95 95 95 95 95 95 95 95 95 95 95 95 95 95 95 95 95 95 95 95 95 95 95 95 95 95 95 95 95 95 95
0 2 6 47 5 6 72 5 6 62 5 6 25 5 6 29 5 6 20 1 7 19 5 7 86 95 95 95 95 95 95 95 95 95 95 95 95 95 95 95 95 95 95 95 95 95 95 95 95 95 95 95 95 95 95 95 95 95 95 95 95 95 95 95 95 95 95 95 95 95 95 95 95 95 95 95 95 95 95 95 95 95 95 95 95 95 95 95 95 95 95 95 95 95 95 95 95 95 95 95 95 95 95 95 95 95 95 95 95 95 95 95 95 95 95 95 95 95 95 95 95 95 95 95 95 95 95 95 95 95 95 95 95 95 95
0 2 6 25 1 7 28 5 7 26 3 4 8 26 18 89 90 10 11 4 8 26 15 93 10 12 4 8 27 14 89 90 10 12 4 8 26 18 92 10 12 4 8 26 18 94 10 11 4 8 26 17 93 10 11 4 8 26 18 91 10 12 4 8 26 18 93 10 11 4 8 26 18 92 10 11 4 8 26 16 94 10 12 4 8 26 17 91 10 12 4 8 26 18 94 10 11 4 8 26 14 92 10 11 4 8 26 14 90 10 12 4 8 26 14 90 10 11 4 8 26 13 94 10 11 4 8 26 18 89 94 10 11 4 8
0 2 6 62 1 7 63 5 7 67 3 4 8 66 13 90 10 11 4 8 65 18 89 93 10 12 4 8 68 13 90 10 11 4 8 68 13 94 10 11 4 8 64 15 91 10 11 4 8 64 15 90 10 11 4 8 71 13 90 10 11 4 8 71 13 94 10 11 4 8 71 13 90 10 12 4 8 68 18 92 10 12 4 8 67 16 90 10 12 4 8 67 17 94 10 11 4 8 71 13 94 10 12 4 8 63 13 91 10 12 4 8 67 13 90 10 12 4 8 68 14 90 10 12 4 8 71 13 94 10 12 4 8 63 16
0 2 6 72 1 7 87 3 4 8 75 16 91 10 11 4 8 84 15 91 10 11 4 8 75 17 92 10 12 4 8 87 18 92 10 11 4 8 74 18 93 10 11 4 8 87 15 91 10 11 4 8 74 17 91 10 12 4 8 87 16 90 10 11 4 8 73 16 90 10 11 4 8 82 14 92 10 11 4 8 76 16 91 10 12 4 8 73 15 94 10 11 4 8 76 16 90 10 12 4 8 79 18 93 10 11 4 8 74 18 92 10 12 4 8 80 17 93 10 12 4 8 80 14 92 10 11 4 8 75 16 90 10 12 4
0 2 6 20 5 6 29 5 6 62 5 6 53 5 6 72 1 7 84 95 95 95 95 95 95 95 95 95 95 95 95 95 95 95 95 95 95 95 95 95 95 95 95 95 95 95 95 95 95 95 95 95 95 95 95 95 95 95 95 95 95 95 95 95 95 95 95 95 95 95 95 95 95 95 95 95 95 95 95 95 95 95 95 95 95 95 95 95 95 95 95 95 95 95 95 95 95 95 95 95 95 95 95 95 95 95 95 95 95 95 95 95 95 95 95 95 95 95 95 95 95 95 95 95 95 95 95 95 95 95 95 95 95 95 95
0 2 6 72 1 7 82 95 95 95 95 95 95 95 95 95 95 95 95 95 95 95 95 95 95 95 95 95 95 95 95 95 95 95 95 95 95 95 95 95 95 95 95 95 95 95 95 95 95 95 95 95 95 95 95 95 95 95 95 95 95 95 95 95 95 95 95 95 95 95 95 95 95 95 95 95 95 95 95 95 95 95 95 95 95 95 95 95 95 95 95 95 95 95 95 95 95 95 95 95 95 95 95 95 95 95 95 95 95 95 95 95 95 95 95 95 95 95 95 95 95 95 95 95 95 95 95 95 95 95 95 95 95 95 95
0 2 6 20 5 6 25 1 7 28 5 7 26 3 4 8 28 18 91 10 11 4 8 21 13 94 10 11 4 8 22 15 90 10 11 4 8 21 17 94 10 11 4 8 28 13 94 10 11 4 8 26 18 94 10 11 4 8 23 15 94 10 12 4 8 26 16 90 10 11 4 8 26 14 92 10 12 4 8 26 17 89 94 10 12 4 8 26 13 94 10 11 4 8 26 14 90 10 12 4 8 26 17 93 10 11 4 8 28 15 90 10 11 4 8 26 18 90 10 12 4 8 28 16 93 10 11 4 8 26 16 92 10 12 4
0 2 6 29 1 7 34 3 4 8 38 17 94 10 12 4 8 35 13 94 10 11 4 8 34 15 92 10 11 4 8 38 16 90 10 11 4 8 33 15 91 10 11 4 8 37 15 92 10 12 4 8 33 18 90 10 12 4 8 38 16 93 10 11 4 8 33 18 92 10 11 4 8 31 18 92 10 11 4 8 33 18 92 10 11 4 8 33 17 93 10 11 4 8 30 13 94 10 11 4 8 33 14 92 10 11 4 8 34 15 89 92 10 11 4 8 37 17 93 10 12 4 8 30 13 94 10 11 4 8 35 13 92 10 11
0 2 6 47 5 6 72 5 6 20 5 6 25 1 7 82 3 4 8 50 17 94 10 12 4 8 84 13 94 10 12 4 8 24 18 90 10 11 4 8 52 15 93 10 11 4 8 88 14 90 10 11 4 8 52 15 92 10 12 4 8 24 18 90 10 11 4 8 74 16 93 10 12 4 8 26 18 90 10 12 4 8 81 16 91 10 11 4 8 74 17 91 10 11 4 8 49 15 92 10 11 4 8 51 18 92 10 11 4 8 48 13 90 10 11 4 8 78 16 90 10 12 4 8 26 15 89 94 10 12 4 8 81 16 93
0 2 6 72 5 6 25 5 6 20 1 7 73 3 4 8 73 15 91 10 11 4 8 73 13 94 10 12 4 8 88 15 91 10 12 4 8 22 16 91 10 11 4 8 74 16 89 92 10 12 4 8 28 17 94 10 12 4 8 26 18 92 10 11 4 8 22 15 94 10 11 4 8 74 13 94 10 11 4 8 22 16 93 10 11 4 8 26 18 90 10 11 4 8 88 15 92 10 11 4 8 74 17 91 10 11 4 8 81 16 90 10 12 4 8 26 14 90 10 11 4 8 88 16 91 10 11 4 8 24 18 90 10 11 4
0 2 6 72 5 6 62 1 7 84 3 4 8 75 17 94 10 11 4 8 67 17 94 10 12 4 8 68 18 92 10 11 4 8 87 14 90 10 11 4 8 71 18 93 10 11 4 8 88 15 94 10 11 4 8 66 17 93 10 11 4 8 87 14 90 10 12 4 8 86 17 91 10 11 4 8 82 17 92 10 11 4 8 85 16 94 10 11 4 8 74 17 93 10 11 4 8 70 15 93 10 12 4 8 63 18 92 10 12 4 8 67 13 94 10 11 4 8 74 17 92 10 11 4 8 86 18 90 10 11 4 8 71 15 89
0 2 6 29 5 6 72 1 7 88 5 7 74 95 95 95 95 95 95 95 95 95 95 95 95 95 95 95 95 95 95 95 95 95 95 95 95 95 95 95 95 95 95 95 95 95 95 95 95 95 95 95 95 95 95 95 95 95 95 95 95 95 95 95 95 95 95 95 95 95 95 95 95 95 95 95 95 95 95 95 95 95 95 95 95 95 95 95 95 95 95 95 95 95 95 95 95 95 95 95 95 95 95 95 95 95 95 95 95 95 95 95 95 95 95 95 95 95 95 95 95 95 95 95 95 95 95 95 95 95 95 95 95 95 95
0 2 6 20 1 7 22 3 4 8 23 18 89 94 10 11 4 8 21 17 94 10 11 4 8 21 17 91 10 11 4 8 23 18 94 10 11 4 8 24 18 90 10 12 4 8 21 15 92 10 11 4 8 21 18 92 10 12 4 8 21 18 92 10 11 4 8 22 16 92 10 11 4 8 22 15 94 10 12 4 8 23 14 90 10 11 4 8 23 14 90 10 11 4 8 23 14 92 10 12 4 8 22 18 89 90 10 11 4 8 22 13 94 10 11 4 8 24 18 92 10 11 4 8 21 15 94 10 11 4 8 21 13 94 10
0 2 6 47 1 7 49 3 4 8 52 18 94 10 11 4 8 49 18 92 10 11 4 8 51 13 94 10 12 4 8 50 16 90 10 12 4 8 52 17 91 10 12 4 8 49 15 94 10 12 4 8 52 17 91 10 11 4 8 52 13 94 10 12 4 8 48 13 90 10 11 4 8 49 13 94 10 11 4 8 51 17 91 10 11 4 8 50 17 91 10 11 4 8 50 16 91 10 12 4 8 49 13 92 10 12 4 8 48 13 94 10 11 4 8 50 15 89 93 10 12 4 8 51 15 94 10 11 4 8 49 17 93 10 11
0 2 6 20 5 6 29 5 6 25 1 7 19 3 4 8 23 17 94 10 11 4 8 30 17 89 94 10 11 4 8 26 13 90 10 11 4 8 35 18 90 10 11 4 8 26 16 93 10 11 4 8 26 14 90 10 11 4 8 36 16 91 10 12 4 8 35 14 92 10 11 4 8 35 16 94 10 11 4 8 35 13 90 10 11 4 8 26 18 92 10 11 4 8 26 13 94 10 11 4 8 27 17 91 10 12 4 8 24 18 94 10 11 4 8 23 16 91 10 11 4 8 35 17 90 10 11 4 8 35 16 91 10 11 4
0 2 6 25 1 7 19 5 7 26 3 4 8 26 15 93 10 11 4 8 27 18 90 10 11 4 8 27 13 94 10 12 4 8 28 13 92 10 11 4 8 26 13 94 10 11 4 8 26 18 90 10 11 4 8 26 18 94 10 11 4 8 26 16 91 10 12 4 8 26 18 92 10 12 4 8 26 18 94 10 11 4 8 26 13 90 10 12 4 8 26 18 92 10 11 4 8 26 17 94 10 11 4 8 26 18 91 10 11 4 8 26 15 89 90 10 11 4 8 26 15 91 10 12 4 8 26 15 94 10 11 4 8 26 14
0 2 6 72 5 6 20 1 7 21 3 4 8 84 13 94 10 12 4 8 87 18 89 90 10 11 4 8 75 16 91 10 11 4 8 23 15 93 10 11 4 8 77 13 94 10 11 4 8 73 15 94 10 11 4 8 78 14 93 10 11 4 8 73 18 93 10 11 4 8 87 18 94 10 12 4 8 74 13 94 10 12 4 8 79 13 90 10 11 4 8 79 18 89 90 10 12 4 8 78 13 89 92 10 11 4 8 76 13 89 90 10 12 4 8 75 16 90 10 12 4 8 82 15 94 10 12 4 8 74 14 90 10 11 4
0 2 6 39 5 6 20 5 6 72 1 7 81 5 7 76 95 95 95 95 95 95 95 95 95 95 95 95 95 95 95 95 95 95 95 95 95 95 95 95 95 95 95 95 95 95 95 95 95 95 95 95 95 95 95 95 95 95 95 95 95 95 95 95 95 95 95 95 95 95 95 95 95 95 95 95 95 95 95 95 95 95 95 95 95 95 95 95 95 95 95 95 95 95 95 95 95 95 95 95 95 95 95 95 95 95 95 95 95 95 95 95 95 95 95 95 95 95 95 95 95 95 95 95 95 95 95 95 95 95 95 95 95 95 95
0 2 6 20 5 6 72 5 6 62 1 7 67 95 95 95 95 95 95 95 95 95 95 95 95 95 95 95 95 95 95 95 95 95 95 95 95 95 95 95 95 95 95 95 95 95 95 95 95 95 95 95 95 95 95 95 95 95 95 95 95 95 95 95 95 95 95 95 95 95 95 95 95 95 95 95 95 95 95 95 95 95 95 95 95 95 95 95 95 95 95 95 95 95 95 95 95 95 95 95 95 95 95 95 95 95 95 95 95 95 95 95 95 95 95 95 95 95 95 95 95 95 95 95 95 95 95 95 95 95 95 95 95 95 95
0 2 6 25 1 7 28 5 7 19 3 4 8 27 14 92 10 11 4 8 26 14 89 92 10 11 4 8 28 17 91 10 12 4 8 26 14 89 90 10 11 4 8 26 17 91 10 11 4 8 26 15 89 92 10 12 4 8 26 17 93 10 12 4 8 26 15 91 10 11 4 8 26 14 90 10 12 4 8 26 18 89 90 10 12 4 8 26 14 92 10 11 4 8 26 16 91 10 11 4 8 26 15 92 10 11 4 8 26 17 92 10 11 4 8 26 18 94 10 11 4 8 26 18 94 10 11 4 8 28 18 89 90 10 11
0 2 6 20 1 7 22 3 4 8 21 18 90 10 11 4 8 22 16 91 10 11 4 8 21 17 89 91 10 12 4 8 21 16 94 10 11 4 8 21 13 94 10 11 4 8 21 13 94 10 12 4 8 21 15 92 10 12 4 8 22 13 94 10 11 4 8 21 15 93 10 12 4 8 24 18 90 10 12 4 8 22 13 93 10 11 4 8 21 13 94 10 11 4 8 21 17 89 90 10 11 4 8 23 18 92 10 11 4 8 21 13 94 10 11 4 8 21 14 92 10 11 4 8 21 16 90 10 11 4 8 21 13 94 10
0 2 6 62 1 7 70 3 4 8 63 15 92 10 12 4 8 63 18 90 10 12 4 8 71 18 94 10 11 4 8 63 15 91 10 11 4 8 70 14 92 10 12 4 8 71 13 94 10 11 4 8 71 16 90 10 12 4 8 63 18 91 10 11 4 8 70 15 91 10 12 4 8 66 16 90 10 11 4 8 63 18 89 90 10 12 4 8 68 13 94 10 11 4 8 65 18 91 10 11 4 8 71 18 91 10 11 4 8 71 16 90 10 12 4 8 66 13 94 10 11 4 8 63 15 89 90 10 12 4 8 70 13 94 10
0 2 6 20 1 7 22 5 7 24 5 7 19 95 95 95 95 95 95 95 95 95 95 95 95 95 95 95 95 95 95 95 95 95 95 95 95 95 95 95 95 95 95 95 95 95 95 95 95 95 95 95 95 95 95 95 95 95 95 95 95 95 95 95 95 95 95 95 95 95 95 95 95 95 95 95 95 95 95 95 95 95 95 95 95 95 95 95 95 95 95 95 95 95 95 95 95 95 95 95 95 95 95 95 95 95 95 95 95 95 95 95 95 95 95 95 95 95 95 95 95 95 95 95 95 95 95 95 95 95 95 95 95 95 95
0 2 6 29 1 7 31 5 7 19 5 7 34 5 7 34 3 4 8 33 16 92 10 11 4 8 37 16 94 10 11 4 8 33 17 91 10 11 4 8 33 15 92 10 11 4 8 36 16 93 10 11 4 8 31 13 94 10 11 4 8 33 18 93 10 11 4 8 31 17 91 10 11 4 8 30 15 91 10 11 4 8 33 13 91 10 12 4 8 33 18 89 91 10 11 4 8 35 18 91 10 11 4 8 34 17 91 10 11 4 8 34 15 94 10 11 4 8 33 15 93 10 12 4 8 35 16 91 10 11 4 8 36 16 90
0 2 6 25 5 6 62 1 7 28 5 7 65 5 7 26 5 7 71 95 95 95 95 95 95 95 95 95 95 95 95 95 95 95 95 95 95 95 95 95 95 95 95 95 95 95 95 95 95 95 95 95 95 95 95 95 95 95 95 95 95 95 95 95 95 95 95 95 95 95 95 95 95 95 95 95 95 95 95 95 95 95 95 95 95 95 95 95 95 95 95 95 95 95 95 95 95 95 95 95 95 95 95 95 95 95 95 95 95 95 95 95 95 95 95 95 95 95 95 95 95 95 95 95 95 95 95 95 95 95 95 95 95 95 95
0 2 6 47 1 7 48 95 95 95 95 95 95 95 95 95 95 95 95 95 95 95 95 95 95 95 95 95 95 95 95 95 95 95 95 95 95 95 95 95 95 95 95 95 95 95 95 95 95 95 95 95 95 95 95 95 95 95 95 95 95 95 95 95 95 95 95 95 95 95 95 95 95 95 95 95 95 95 95 95 95 95 95 95 95 95 95 95 95 95 95 95 95 95 95 95 95 95 95 95 95 95 95 95 95 95 95 95 95 95 95 95 95 95 95 95 95 95 95 95 95 95 95 95 95 95 95 95 95 95 95 95 95 95 95
0 2 6 25 5 6 72 1 7 74 5 7 73 3 4 8 75 17 94 10 12 4 8 74 17 94 10 12 4 8 74 17 94 10 11 4 8 87 16 92 10 11 4 8 73 15 92 10 12 4 8 87 14 90 10 11 4 8 87 16 90 10 11 4 8 78 14 89 90 10 11 4 8 84 16 91 10 11 4 8 26 18 93 10 11 4 8 73 16 90 10 11 4 8 79 15 93 10 11 4 8 84 18 89 90 10 12 4 8 84 18 92 10 11 4 8 79 18 91 10 12 4 8 26 18 94 10 11 4 8 79 15 90 10 11
0 2 6 72 5 6 29 1 7 34 3 4 8 74 18 89 91 10 12 4 8 74 13 94 10 12 4 8 30 14 90 10 11 4 8 83 14 92 10 12 4 8 37 13 89 92 10 11 4 8 37 13 94 10 11 4 8 74 13 92 10 12 4 8 77 14 92 10 11 4 8 73 17 91 10 12 4 8 79 13 94 10 12 4 8 38 16 91 10 12 4 8 74 18 92 10 12 4 8 87 13 94 10 11 4 8 36 16 91 10 11 4 8 88 13 92 10 11 4 8 83 16 90 10 11 4 8 33 14 92 10 12 4 8 34
0 2 6 47 5 6 20 5 6 62 5 6 72 1 7 67 95 95 95 95 95 95 95 95 95 95 95 95 95 95 95 95 95 95 95 95 95 95 95 95 95 95 95 95 95 95 95 95 95 95 95 95 95 95 95 95 95 95 95 95 95 95 95 95 95 95 95 95 95 95 95 95 95 95 95 95 95 95 95 95 95 95 95 95 95 95 95 95 95 95 95 95 95 95 95 95 95 95 95 95 95 95 95 95 95 95 95 95 95 95 95 95 95 95 95 95 95 95 95 95 95 95 95 95 95 95 95 95 95 95 95 95 95 95 95
0 2 6 20 5 6 29 5 6 62 5 6 72 5 6 25 1 7 70 5 7 67 95 95 95 95 95 95 95 95 95 95 95 95 95 95 95 95 95 95 95 95 95 95 95 95 95 95 95 95 95 95 95 95 95 95 95 95 95 95 95 95 95 95 95 95 95 95 95 95 95 95 95 95 95 95 95 95 95 95 95 95 95 95 95 95 95 95 95 95 95 95 95 95 95 95 95 95 95 95 95 95 95 95 95 95 95 95 95 95 95 95 95 95 95 95 95 95 95 95 95 95 95 95 95 95 95 95 95 95 95 95 95 95 95
0 2 6 62 5 6 20 1 7 21 5 7 67 5 7 67 95 95 95 95 95 95 95 95 95 95 95 95 95 95 95 95 95 95 95 95 95 95 95 95 95 95 95 95 95 95 95 95 95 95 95 95 95 95 95 95 95 95 95 95 95 95 95 95 95 95 95 95 95 95 95 95 95 95 95 95 95 95 95 95 95 95 95 95 95 95 95 95 95 95 95 95 95 95 95 95 95 95 95 95 95 95 95 95 95 95 95 95 95 95 95 95 95 95 95 95 95 95 95 95 95 95 95 95 95 95 95 95 95 95 95 95 95 95 95
0 2 6 25 5 6 20 5 6 62 1 7 71 3 4 8 71 13 94 10 12 4 8 28 18 90 10 11 4 8 26 14 92 10 12 4 8 71 13 90 10 12 4 8 66 18 93 10 12 4 8 27 17 91 10 11 4 8 21 17 92 10 12 4 8 68 17 91 10 11 4 8 26 14 92 10 11 4 8 24 18 94 10 12 4 8 63 17 94 10 12 4 8 63 18 90 10 12 4 8 71 17 91 10 11 4 8 26 18 94 10 12 4 8 70 14 89 94 10 12 4 8 28 17 93 10 11 4 8 68 13 94 10 11 4
0 2 6 72 1 7 81 5 7 81 5 7 79 95 95 95 95 95 95 95 95 95 95 95 95 95 95 95 95 95 95 95 95 95 95 95 95 95 95 95 95 95 95 95 95 95 95 95 95 95 95 95 95 95 95 95 95 95 95 95 95 95 95 95 95 95 95 95 95 95 95 95 95 95 95 95 95 95 95 95 95 95 95 95 95 95 95 95 95 95 95 95 95 95 95 95 95 95 95 95 95 95 95 95 95 95 95 95 95 95 95 95 95 95 95 95 95 95 95 95 95 95 95 95 95 95 95 95 95 95 95 95 95 95 95
0 2 6 25 1 7 26 3 4 8 26 15 92 10 12 4 8 27 17 92 10 11 4 8 26 15 90 10 12 4 8 26 15 92 10 12 4 8 26 15 92 10 11 4 8 27 14 94 10 11 4 8 26 18 89 92 10 11 4 8 26 15 92 10 11 4 8 27 15 93 10 12 4 8 26 18 90 10 11 4 8 26 14 89 92 10 12 4 8 26 18 92 10 11 4 8 26 18 91 10 11 4 8 26 17 93 10 12 4 8 26 18 94 10 12 4 8 26 16 90 10 11 4 8 26 16 92 10 11 4 8 26 18 92 10
0 2 6 47 1 7 51 95 95 95 95 95 95 95 95 95 95 95 95 95 95 95 95 95 95 95 95 95 95 95 95 95 95 95 95 95 95 95 95 95 95 95 95 95 95 95 95 95 95 95 95 95 95 95 95 95 95 95 95 95 95 95 95 95 95 95 95 95 95 95 95 95 95 95 95 95 95 95 95 95 95 95 95 95 95 95 95 95 95 95 95 95 95 95 95 95 95 95 95 95 95 95 95 95 95 95 95 95 95 95 95 95 95 95 95 95 95 95 95 95 95 95 95 95 95 95 95 95 95 95 95 95 95 95 95
0 2 6 25 1 7 26 3 4 8 26 18 92 10 12 4 8 26 18 89 90 10 12 4 8 26 13 90 10 11 4 8 26 13 91 10 11 4 8 28 13 90 10 12 4 8 26 15 89 94 10 12 4 8 26 16 93 10 11 4 8 26 18 91 10 12 4 8 26 15 94 10 12 4 8 26 13 89 90 10 11 4 8 28 17 91 10 12 4 8 26 15 91 10 11 4 8 26 18 89 90 10 11 4 8 26 13 94 10 11 4 8 26 18 89 90 10 11 4 8 26 15 93 10 12 4 8 28 17 94 10 12 4 8 26
0 2 6 25 1 7 28 3 4 8 26 15 90 10 12 4 8 26 18 92 10 11 4 8 26 17 94 10 12 4 8 26 15 94 10 11 4 8 26 16 90 10 11 4 8 28 13 94 10 11 4 8 26 16 90 10 12 4 8 26 17 91 10 11 4 8 26 18 89 90 10 12 4 8 28 16 92 10 11 4 8 26 15 91 10 11 4 8 27 17 91 10 11 4 8 27 13 92 10 11 4 8 26 14 91 10 11 4 8 26 14 92 10 12 4 8 26 15 93 10 12 4 8 27 13 94 10 11 4 8 26 18 89 94 10
0 2 6 72 1 7 86 5 7 84 5 7 79 95 95 95 95 95 95 95 95 95 95 95 95 95 95 95 95 95 95 95 95 95 95 95 95 95 95 95 95 95 95 95 95 95 95 95 95 95 95 95 95 95 95 95 95 95 95 95 95 95 95 95 95 95 95 95 95 95 95 95 95 95 95 95 95 95 95 95 95 95 95 95 95 95 95 95 95 95 95 95 95 95 95 95 95 95 95 95 95 95 95 95 95 95 95 95 95 95 95 95 95 95 95 95 95 95 95 95 95 95 95 95 95 95 95 95 95 95 95 95 95 95 95
0 2 6 25 1 7 26 5 7 19 5 7 27 95 95 95 95 95 95 95 95 95 95 95 95 95 95 95 95 95 95 95 95 95 95 95 95 95 95 95 95 95 95 95 95 95 95 95 95 95 95 95 95 95 95 95 95 95 95 95 95 95 95 95 95 95 95 95 95 95 95 95 95 95 95 95 95 95 95 95 95 95 95 95 95 95 95 95 95 95 95 95 95 95 95 95 95 95 95 95 95 95 95 95 95 95 95 95 95 95 95 95 95 95 95 95 95 95 95 95 95 95 95 95 95 95 95 95 95 95 95 95 95 95 95
0 2 6 53 5 6 20 1 7 56 95 95 95 95 95 95 95 95 95 95 95 95 95 95 95 95 95 95 95 95 95 95 95 95 95 95 95 95 95 95 95 95 95 95 95 95 95 95 95 95 95 95 95 95 95 95 95 95 95 95 95 95 95 95 95 95 95 95 95 95 95 95 95 95 95 95 95 95 95 95 95 95 95 95 95 95 95 95 95 95 95 95 95 95 95 95 95 95 95 95 95 95 95 95 95 95 95 95 95 95 95 95 95 95 95 95 95 95 95 95 95 95 95 95 95 95 95 95 95 95 95 95 95 95 95
0 2 6 72 5 6 62 5 6 29 1 7 35 5 7 34 5 7 71 95 95 95 95 95 95 95 95 95 95 95 95 95 95 95 95 95 95 95 95 95 95 95 95 95 95 95 95 95 95 95 95 95 95 95 95 95 95 95 95 95 95 95 95 95 95 95 95 95 95 95 95 95 95 95 95 95 95 95 95 95 95 95 95 95 95 95 95 95 95 95 95 95 95 95 95 95 95 95 95 95 95 95 95 95 95 95 95 95 95 95 95 95 95 95 95 95 95 95 95 95 95 95 95 95 95 95 95 95 95 95 95 95 95 95 95
0 2 6 20 1 7 22 3 4 8 21 18 90 10 12 4 8 22 14 90 10 12 4 8 21 14 92 10 11 4 8 23 17 91 10 12 4 8 22 14 93 10 11 4 8 23 14 92 10 11 4 8 21 13 94 10 12 4 8 23 14 90 10 12 4 8 23 18 89 90 10 12 4 8 22 15 94 10 12 4 8 21 16 91 10 12 4 8 21 18 90 10 11 4 8 21 16 90 10 11 4 8 21 13 94 10 11 4 8 22 17 91 10 11 4 8 21 16 91 10 11 4 8 22 15 90 10 12 4 8 22 16 91 10 11
0 2 6 20 5 6 72 1 7 77 3 4 8 74 16 91 10 12 4 8 22 16 91 10 12 4 8 80 14 92 10 12 4 8 79 16 90 10 11 4 8 83 14 92 10 11 4 8 79 15 94 10 12 4 8 81 14 92 10 12 4 8 22 16 90 10 11 4 8 75 16 90 10 12 4 8 73 16 90 10 12 4 8 83 13 94 10 12 4 8 77 16 92 10 11 4 8 81 13 94 10 11 4 8 75 14 92 10 12 4 8 81 15 93 10 11 4 8 79 18 90 10 12 4 8 79 13 90 10 11 4 8 82 15 91
0 2 6 29 5 6 25 1 7 26 95 95 95 95 95 95 95 95 95 95 95 95 95 95 95 95 95 95 95 95 95 95 95 95 95 95 95 95 95 95 95 95 95 95 95 95 95 95 95 95 95 95 95 95 95 95 95 95 95 95 95 95 95 95 95 95 95 95 95 95 95 95 95 95 95 95 95 95 95 95 95 95 95 95 95 95 95 95 95 95 95 95 95 95 95 95 95 95 95 95 95 95 95 95 95 95 95 95 95 95 95 95 95 95 95 95 95 95 95 95 95 95 95 95 95 95 95 95 95 95 95 95 95 95 95
0 2 6 20 5 6 25 1 7 24 3 4 8 26 18 91 10 12 4 8 23 16 91 10 12 4 8 26 16 94 10 11 4 8 22 17 91 10 11 4 8 23 17 91 10 12 4 8 26 17 91 10 11 4 8 22 16 90 10 11 4 8 26 17 94 10 12 4 8 26 18 92 10 12 4 8 23 17 91 10 11 4 8 21 15 93 10 12 4 8 21 17 91 10 12 4 8 27 14 94 10 12 4 8 24 18 89 90 10 11 4 8 26 13 94 10 12 4 8 26 13 90 10 11 4 8 26 14 94 10 11 4 8 23 18
0 2 6 29 5 6 72 1 7 37 3 4 8 76 16 94 10 11 4 8 86 14 90 10 12 4 8 88 15 90 10 12 4 8 73 15 92 10 11 4 8 78 14 92 10 11 4 8 75 17 92 10 12 4 8 78 13 92 10 11 4 8 77 13 94 10 11 4 8 81 16 90 10 11 4 8 74 16 89 90 10 11 4 8 36 15 94 10 11 4 8 32 16 94 10 12 4 8 74 17 94 10 12 4 8 87 15 93 10 12 4 8 88 15 94 10 12 4 8 38 13 94 10 11 4 8 33 17 91 10 12 4 8 35 14
0 2 6 20 1 7 22 3 4 8 23 14 92 10 11 4 8 22 17 91 10 11 4 8 22 15 89 90 10 11 4 8 24 16 91 10 11 4 8 21 13 94 10 11 4 8 24 18 89 90 10 11 4 8 22 13 94 10 11 4 8 21 18 90 10 11 4 8 21 18 89 94 10 11 4 8 21 17 91 10 12 4 8 24 18 90 10 11 4 8 21 18 90 10 11 4 8 21 13 94 10 11 4 8 21 13 94 10 12 4 8 21 14 89 92 10 11 4 8 21 18 89 90 10 11 4 8 24 16 90 10 12 4 8 23
0 2 6 72 5 6 53 5 6 62 5 6 47 5 6 25 1 7 63 5 7 60 3 4 8 49 13 92 10 11 4 8 80 18 92 10 11 4 8 52 17 91 10 11 4 8 75 16 94 10 11 4 8 88 13 94 10 11 4 8 27 15 91 10 11 4 8 71 15 89 94 10 11 4 8 58 17 91 10 11 4 8 88 13 90 10 12 4 8 58 16 91 10 11 4 8 88 18 92 10 11 4 8 85 13 94 10 12 4 8 79 17 92 10 12 4 8 52 16 91 10 11 4 8 74 16 90 10 11 4 8 81 16 91 10
0 2 6 29 5 6 25 5 6 72 1 7 35 5 7 78 95 95 95 95 95 95 95 95 95 95 95 95 95 95 95 95 95 95 95 95 95 95 95 95 95 95 95 95 95 95 95 95 95 95 95 95 95 95 95 95 95 95 95 95 95 95 95 95 95 95 95 95 95 95 95 95 95 95 95 95 95 95 95 95 95 95 95 95 95 95 95 95 95 95 95 95 95 95 95 95 95 95 95 95 95 95 95 95 95 95 95 95 95 95 95 95 95 95 95 95 95 95 95 95 95 95 95 95 95 95 95 95 95 95 95 95 95 95 95
0 2 6 29 5 6 62 1 7 32 3 4 8 68 14 90 10 11 4 8 67 17 90 10 12 4 8 67 18 89 94 10 11 4 8 38 14 92 10 12 4 8 34 13 91 10 12 4 8 66 13 94 10 11 4 8 70 17 93 10 11 4 8 68 17 91 10 11 4 8 68 16 91 10 12 4 8 64 16 91 10 11 4 8 71 18 89 93 10 12 4 8 70 18 91 10 11 4 8 68 17 91 10 11 4 8 33 15 94 10 12 4 8 30 13 94 10 11 4 8 36 17 91 10 11 4 8 37 15 93 10 11 4 8 69
0 2 6 25 1 7 26 3 4 8 26 14 90 10 11 4 8 27 16 93 10 11 4 8 27 13 92 10 11 4 8 28 13 93 10 11 4 8 26 17 94 10 12 4 8 27 14 92 10 11 4 8 26 18 90 10 12 4 8 28 13 93 10 11 4 8 26 18 89 90 10 12 4 8 26 14 92 10 12 4 8 27 14 92 10 11 4 8 26 16 93 10 12 4 8 26 14 89 90 10 11 4 8 26 14 89 90 10 12 4 8 27 14 92 10 12 4 8 27 14 90 10 11 4 8 26 18 89 90 10 11 4 8 26 17
0 2 6 72 1 7 81 5 7 84 95 95 95 95 95 95 95 95 95 95 95 95 95 95 95 95 95 95 95 95 95 95 95 95 95 95 95 95 95 95 95 95 95 95 95 95 95 95 95 95 95 95 95 95 95 95 95 95 95 95 95 95 95 95 95 95 95 95 95 95 95 95 95 95 95 95 95 95 95 95 95 95 95 95 95 95 95 95 95 95 95 95 95 95 95 95 95 95 95 95 95 95 95 95 95 95 95 95 95 95 95 95 95 95 95 95 95 95 95 95 95 95 95 95 95 95 95 95 95 95 95 95 95 95 95
0 2 6 25 1 7 27 95 95 95 95 95 95 95 95 95 95 95 95 95 95 95 95 95 95 95 95 95 95 95 95 95 95 95 95 95 95 95 95 95 95 95 95 95 95 95 95 95 95 95 95 95 95 95 95 95 95 95 95 95 95 95 95 95 95 95 95 95 95 95 95 95 95 95 95 95 95 95 95 95 95 95 95 95 95 95 95 95 95 95 95 95 95 95 95 95 95 95 95 95 95 95 95 95 95 95 95 95 95 95 95 95 95 95 95 95 95 95 95 95 95 95 95 95 95 95 95 95 95 95 95 95 95 95 95
0 2 6 20 1 7 22 5 7 21 3 4 8 23 13 90 10 11 4 8 21 13 90 10 11 4 8 21 18 89 90 10 12 4 8 24 16 92 10 11 4 8 21 17 91 10 11 4 8 21 14 92 10 12 4 8 21 16 92 10 11 4 8 23 16 91 10 12 4 8 22 16 91 10 12 4 8 21 16 92 10 11 4 8 21 18 90 10 11 4 8 21 13 89 93 10 12 4 8 22 15 94 10 12 4 8 22 17 90 10 11 4 8 22 14 92 10 11 4 8 23 18 94 10 11 4 8 22 16 91 10 11 4 8 21
0 2 6 20 1 7 24 5 7 23 95 95 95 95 95 95 95 95 95 95 95 95 95 95 95 95 95 95 95 95 95 95 95 95 95 95 95 95 95 95 95 95 95 95 95 95 95 95 95 95 95 95 95 95 95 95 95 95 95 95 95 95 95 95 95 95 95 95 95 95 95 95 95 95 95 95 95 95 95 95 95 95 95 95 95 95 95 95 95 95 95 95 95 95 95 95 95 95 95 95 95 95 95 95 95 95 95 95 95 95 95 95 95 95 95 95 95 95 95 95 95 95 95 95 95 95 95 95 95 95 95 95 95 95 95
0 2 6 72 5 6 20 5 6 25 1 7 74 3 4 8 80 18 90 10 12 4 8 79 16 94 10 11 4 8 77 13 92 10 12 4 8 73 15 93 10 11 4 8 87 14 90 10 12 4 8 84 18 94 10 11 4 8 88 15 94 10 12 4 8 73 18 93 10 12 4 8 21 18 90 10 12 4 8 27 14 94 10 11 4 8 26 18 94 10 11 4 8 74 17 91 10 12 4 8 78 16 91 10 12 4 8 77 13 93 10 11 4 8 21 14 92 10 12 4 8 87 16 90 10 12 4 8 81 17 94 10 12 4 8
0 2 6 25 1 7 28 5 7 26 3 4 8 26 15 93 10 11 4 8 26 14 92 10 11 4 8 26 16 91 10 12 4 8 26 14 92 10 12 4 8 26 16 91 10 12 4 8 26 14 90 10 11 4 8 26 14 90 10 12 4 8 26 18 89 90 10 11 4 8 26 14 92 10 11 4 8 26 14 89 90 10 12 4 8 26 13 94 10 11 4 8 26 18 94 10 11 4 8 26 16 90 10 11 4 8 26 14 90 10 12 4 8 27 14 90 10 11 4 8 26 17 92 10 11 4 8 26 15 93 10 12 4 8 26
0 2 6 62 5 6 72 1 7 76 95 95 95 95 95 95 95 95 95 95 95 95 95 95 95 95 95 95 95 95 95 95 95 95 95 95 95 95 95 95 95 95 95 95 95 95 95 95 95 95 95 95 95 95 95 95 95 95 95 95 95 95 95 95 95 95 95 95 95 95 95 95 95 95 95 95 95 95 95 95 95 95 95 95 95 95 95 95 95 95 95 95 95 95 95 95 95 95 95 95 95 95 95 95 95 95 95 95 95 95 95 95 95 95 95 95 95 95 95 95 95 95 95 95 95 95 95 95 95 95 95 95 95 95 95
0 2 6 72 1 7 88 5 7 19 95 95 95 95 95 95 95 95 95 95 95 95 95 95 95 95 95 95 95 95 95 95 95 95 95 95 95 95 95 95 95 95 95 95 95 95 95 95 95 95 95 95 95 95 95 95 95 95 95 95 95 95 95 95 95 95 95 95 95 95 95 95 95 95 95 95 95 95 95 95 95 95 95 95 95 95 95 95 95 95 95 95 95 95 95 95 95 95 95 95 95 95 95 95 95 95 95 95 95 95 95 95 95 95 95 95 95 95 95 95 95 95 95 95 95 95 95 95 95 95 95 95 95 95 95
0 2 6 72 1 7 85 3 4 8 87 15 91 10 11 4 8 85 16 91 10 11 4 8 84 15 93 10 12 4 8 87 14 92 10 12 4 8 80 17 93 10 11 4 8 74 17 92 10 11 4 8 88 15 91 10 11 4 8 82 15 93 10 11 4 8 74 17 92 10 11 4 8 74 15 94 10 11 4 8 88 13 89 92 10 11 4 8 87 16 89 90 10 11 4 8 81 16 91 10 11 4 8 74 14 92 10 11 4 8 81 14 90 10 11 4 8 76 14 92 10 11 4 8 73 13 94 10 12 4 8 73 15 92 10
0 2 6 62 5 6 72 1 7 87 95 95 95 95 95 95 95 95 95 95 95 95 95 95 95 95 95 95 95 95 95 95 95 95 95 95 95 95 95 95 95 95 95 95 95 95 95 95 95 95 95 95 95 95 95 95 95 95 95 95 95 95 95 95 95 95 95 95 95 95 95 95 95 95 95 95 95 95 95 95 95 95 95 95 95 95 95 95 95 95 95 95 95 95 95 95 95 95 95 95 95 95 95 95 95 95 95 95 95 95 95 95 95 95 95 95 95 95 95 95 95 95 95 95 95 95 95 95 95 95 95 95 95 95 95
0 2 6 25 1 7 26 3 4 8 26 14 94 10 11 4 8 26 18 89 90 10 12 4 8 28 16 90 10 11 4 8 27 14 92 10 12 4 8 26 18 89 90 10 12 4 8 26 17 91 10 12 4 8 27 14 89 92 10 11 4 8 26 18 90 10 12 4 8 27 14 92 10 12 4 8 26 18 89 90 10 11 4 8 26 15 93 10 12 4 8 27 14 92 10 11 4 8 26 16 90 10 12 4 8 26 16 93 10 11 4 8 26 15 93 10 12 4 8 26 16 91 10 11 4 8 26 18 89 92 10 11 4 8 27
0 2 6 20 5 6 72 1 7 74 5 7 79 3 4 8 74 14 93 10 11 4 8 22 14 92 10 11 4 8 82 14 92 10 11 4 8 80 16 93 10 11 4 8 24 16 94 10 11 4 8 87 18 90 10 12 4 8 79 18 92 10 11 4 8 87 16 93 10 11 4 8 87 16 91 10 11 4 8 88 16 90 10 11 4 8 22 15 92 10 12 4 8 74 15 92 10 11 4 8 21 17 90 10 11 4 8 73 16 93 10 11 4 8 74 17 93 10 12 4 8 88 17 91 10 11 4 8 74 16 92 10 12 4 8
0 2 6 25 5 6 62 5 6 20 1 7 71 95 95 95 95 95 95 95 95 95 95 95 95 95 95 95 95 95 95 95 95 95 95 95 95 95 95 95 95 95 95 95 95 95 95 95 95 95 95 95 95 95 95 95 95 95 95 95 95 95 95 95 95 95 95 95 95 95 95 95 95 95 95 95 95 95 95 95 95 95 95 95 95 95 95 95 95 95 95 95 95 95 95 95 95 95 95 95 95 95 95 95 95 95 95 95 95 95 95 95 95 95 95 95 95 95 95 95 95 95 95 95 95 95 95 95 95 95 95 95 95 95 95
0 2 6 20 5 6 72 5 6 39 1 7 82 5 7 40 3 4 8 83 14 91 10 12 4 8 87 16 91 10 11 4 8 21 13 93 10 11 4 8 78 13 94 10 11 4 8 84 18 92 10 11 4 8 81 17 90 10 11 4 8 75 16 91 10 11 4 8 83 13 89 92 10 11 4 8 21 16 90 10 11 4 8 88 17 91 10 12 4 8 83 13 89 92 10 11 4 8 86 14 92 10 12 4 8 84 16 91 10 12 4 8 21 14 89 90 10 12 4 8 74 13 94 10 12 4 8 21 14 92 10 12 4 8 73
0 2 6 20 1 7 24 3 4 8 22 14 93 10 11 4 8 24 17 91 10 11 4 8 24 13 91 10 11 4 8 21 17 91 10 11 4 8 23 16 90 10 12 4 8 23 13 90 10 12 4 8 23 13 92 10 11 4 8 21 18 89 90 10 11 4 8 21 16 93 10 11 4 8 23 13 94 10 11 4 8 22 14 90 10 11 4 8 21 14 89 92 10 12 4 8 22 14 94 10 12 4 8 21 13 94 10 12 4 8 22 15 92 10 11 4 8 21 17 91 10 12 4 8 22 13 90 10 11 4 8 23 17 89 91
0 2 6 20 5 6 25 1 7 26 95 95 95 95 95 95 95 95 95 95 95 95 95 95 95 95 95 95 95 95 95 95 95 95 95 95 95 95 95 95 95 95 95 95 95 95 95 95 95 95 95 95 95 95 95 95 95 95 95 95 95 95 95 95 95 95 95 95 95 95 95 95 95 95 95 95 95 95 95 95 95 95 95 95 95 95 95 95 95 95 95 95 95 95 95 95 95 95 95 95 95 95 95 95 95 95 95 95 95 95 95 95 95 95 95 95 95 95 95 95 95 95 95 95 95 95 95 95 95 95 95 95 95 95 95
0 2 6 39 5 6 62 1 7 42 5 7 67 3 4 8 71 17 91 10 12 4 8 71 13 92 10 12 4 8 67 16 90 10 11 4 8 67 16 90 10 11 4 8 41 15 92 10 12 4 8 63 15 93 10 11 4 8 65 17 92 10 11 4 8 46 15 91 10 11 4 8 64 16 90 10 12 4 8 67 13 93 10 11 4 8 71 18 89 92 10 11 4 8 71 14 92 10 12 4 8 70 14 90 10 12 4 8 69 15 92 10 12 4 8 71 13 92 10 11 4 8 67 16 90 10 11 4 8 66 18 91 10 11 4
0 2 6 29 1 7 32 5 7 38 5 7 32 5 7 35 95 95 95 95 95 95 95 95 95 95 95 95 95 95 95 95 95 95 95 95 95 95 95 95 95 95 95 95 95 95 95 95 95 95 95 95 95 95 95 95 95 95 95 95 95 95 95 95 95 95 95 95 95 95 95 95 95 95 95 95 95 95 95 95 95 95 95 95 95 95 95 95 95 95 95 95 95 95 95 95 95 95 95 95 95 95 95 95 95 95 95 95 95 95 95 95 95 95 95 95 95 95 95 95 95 95 95 95 95 95 95 95 95 95 95 95 95 95 95
0 2 6 20 5 6 25 1 7 23 3 4 8 21 14 90 10 12 4 8 26 14 90 10 12 4 8 26 14 89 93 10 11 4 8 27 14 90 10 11 4 8 26 18 92 10 11 4 8 24 14 90 10 12 4 8 26 13 89 90 10 11 4 8 23 14 89 90 10 11 4 8 21 14 92 10 12 4 8 28 17 91 10 12 4 8 22 14 92 10 12 4 8 26 14 90 10 11 4 8 21 14 92 10 11 4 8 26 17 94 10 11 4 8 26 15 93 10 12 4 8 28 17 91 10 11 4 8 21 14 90 10 11 4 8
0 2 6 53 5 6 47 1 7 49 95 95 95 95 95 95 95 95 95 95 95 95 95 95 95 95 95 95 95 95 95 95 95 95 95 95 95 95 95 95 95 95 95 95 95 95 95 95 95 95 95 95 95 95 95 95 95 95 95 95 95 95 95 95 95 95 95 95 95 95 95 95 95 95 95 95 95 95 95 95 95 95 95 95 95 95 95 95 95 95 95 95 95 95 95 95 95 95 95 95 95 95 95 95 95 95 95 95 95 95 95 95 95 95 95 95 95 95 95 95 95 95 95 95 95 95 95 95 95 95 95 95 95 95 95
0 2 6 25 1 7 28 5 7 19 5 7 28 5 7 26 3 4 8 26 18 90 10 11 4 8 28 16 92 10 11 4 8 26 13 94 10 11 4 8 27 14 94 10 12 4 8 26 17 91 10 11 4 8 26 18 94 10 12 4 8 26 14 91 10 11 4 8 26 14 90 10 12 4 8 28 16 90 10 12 4 8 26 13 92 10 11 4 8 27 18 90 10 12 4 8 27 17 91 10 11 4 8 26 13 92 10 12 4 8 26 16 93 10 11 4 8 26 14 90 10 11 4 8 26 14 89 90 10 11 4 8 26 14 92
0 2 6 72 5 6 25 5 6 29 1 7 34 5 7 37 3 4 8 80 17 91 10 11 4 8 76 14 92 10 11 4 8 76 16 90 10 11 4 8 76 14 92 10 11 4 8 80 13 92 10 12 4 8 87 16 91 10 11 4 8 77 14 90 10 11 4 8 73 15 92 10 11 4 8 82 17 91 10 12 4 8 26 15 91 10 11 4 8 26 18 92 10 12 4 8 36 14 94 10 12 4 8 26 15 89 90 10 11 4 8 35 16 94 10 11 4 8 30 14 92 10 11 4 8 81 14 92 10 12 4 8 37 17 93
0 2 6 25 1 7 28 5 7 28 5 7 26 95 95 95 95 95 95 95 95 95 95 95 95 95 95 95 95 95 95 95 95 95 95 95 95 95 95 95 95 95 95 95 95 95 95 95 95 95 95 95 95 95 95 95 95 95 95 95 95 95 95 95 95 95 95 95 95 95 95 95 95 95 95 95 95 95 95 95 95 95 95 95 95 95 95 95 95 95 95 95 95 95 95 95 95 95 95 95 95 95 95 95 95 95 95 95 95 95 95 95 95 95 95 95 95 95 95 95 95 95 95 95 95 95 95 95 95 95 95 95 95 95 95
0 2 6 47 5 6 29 1 7 19 5 7 52 3 4 8 37 14 90 10 11 4 8 48 16 90 10 11 4 8 34 16 90 10 11 4 8 49 17 91 10 12 4 8 49 15 93 10 11 4 8 48 18 94 10 12 4 8 48 16 91 10 12 4 8 31 16 91 10 11 4 8 51 15 93 10 11 4 8 35 13 91 10 12 4 8 49 15 94 10 11 4 8 37 17 89 90 10 11 4 8 49 15 94 10 11 4 8 37 16 93 10 12 4 8 33 17 91 10 12 4 8 49 15 91 10 11 4 8 33 17 93 10 12 4
0 2 6 53 5 6 29 1 7 37 95 95 95 95 95 95 95 95 95 95 95 95 95 95 95 95 95 95 95 95 95 95 95 95 95 95 95 95 95 95 95 95 95 95 95 95 95 95 95 95 95 95 95 95 95 95 95 95 95 95 95 95 95 95 95 95 95 95 95 95 95 95 95 95 95 95 95 95 95 95 95 95 95 95 95 95 95 95 95 95 95 95 95 95 95 95 95 95 95 95 95 95 95 95 95 95 95 95 95 95 95 95 95 95 95 95 95 95 95 95 95 95 95 95 95 95 95 95 95 95 95 95 95 95 95
0 2 6 29 5 6 72 1 7 83 3 4 8 38 17 89 94 10 12 4 8 80 18 90 10 12 4 8 33 15 92 10 11 4 8 30 18 90 10 12 4 8 33 17 93 10 11 4 8 31 17 91 10 11 4 8 84 13 90 10 11 4 8 74 14 92 10 11 4 8 73 15 93 10 11 4 8 30 14 90 10 11 4 8 75 14 90 10 11 4 8 88 16 91 10 11 4 8 35 15 94 10 12 4 8 81 17 93 10 11 4 8 35 16 90 10 12 4 8 87 14 89 94 10 12 4 8 33 16 90 10 11 4 8 73
0 2 6 72 5 6 20 1 7 87 95 95 95 95 95 95 95 95 95 95 95 95 95 95 95 95 95 95 95 95 95 95 95 95 95 95 95 95 95 95 95 95 95 95 95 95 95 95 95 95 95 95 95 95 95 95 95 95 95 95 95 95 95 95 95 95 95 95 95 95 95 95 95 95 95 95 95 95 95 95 95 95 95 95 95 95 95 95 95 95 95 95 95 95 95 95 95 95 95 95 95 95 95 95 95 95 95 95 95 95 95 95 95 95 95 95 95 95 95 95 95 95 95 95 95 95 95 95 95 95 95 95 95 95 95
0 2 6 62 5 6 53 5 6 72 1 7 60 5 7 19 5 7 70 3 4 8 76 16 90 10 11 4 8 60 16 90 10 11 4 8 87 14 94 10 11 4 8 74 17 93 10 12 4 8 80 16 91 10 12 4 8 76 16 91 10 12 4 8 74 14 93 10 12 4 8 74 13 94 10 11 4 8 55 18 90 10 11 4 8 74 14 92 10 11 4 8 75 17 94 10 11 4 8 75 15 93 10 11 4 8 74 17 93 10 11 4 8 66 18 90 10 11 4 8 73 15 92 10 11 4 8 88 15 94 10 12 4 8 81
0 2 6 25 5 6 20 1 7 19 5 7 21 5 7 24 95 95 95 95 95 95 95 95 95 95 95 95 95 95 95 95 95 95 95 95 95 95 95 95 95 95 95 95 95 95 95 95 95 95 95 95 95 95 95 95 95 95 95 95 95 95 95 95 95 95 95 95 95 95 95 95 95 95 95 95 95 95 95 95 95 95 95 95 95 95 95 95 95 95 95 95 95 95 95 95 95 95 95 95 95 95 95 95 95 95 95 95 95 95 95 95 95 95 95 95 95 95 95 95 95 95 95 95 95 95 95 95 95 95 95 95 95 95 95
0 2 6 25 1 7 19 5 7 26 3 4 8 26 14 94 10 11 4 8 26 18 90 10 11 4 8 26 18 93 10 11 4 8 26 14 90 10 11 4 8 26 18 91 10 12 4 8 28 13 94 10 11 4 8 26 18 93 10 12 4 8 26 15 93 10 11 4 8 26 17 94 10 12 4 8 27 14 94 10 12 4 8 27 14 90 10 11 4 8 26 16 90 10 12 4 8 26 15 92 10 12 4 8 26 16 91 10 12 4 8 28 16 91 10 12 4 8 26 14 93 10 11 4 8 28 16 90 10 12 4 8 26 14 91
0 2 6 29 1 7 37 5 7 19 3 4 8 33 15 90 10 11 4 8 31 17 91 10 12 4 8 30 17 91 10 12 4 8 33 17 94 10 11 4 8 35 16 94 10 12 4 8 37 16 90 10 12 4 8 38 16 90 10 12 4 8 38 17 92 10 11 4 8 38 13 90 10 11 4 8 37 18 90 10 12 4 8 36 16 90 10 11 4 8 35 18 93 10 11 4 8 32 17 91 10 12 4 8 37 17 92 10 12 4 8 33 18 89 90 10 11 4 8 32 13 94 10 11 4 8 37 14 93 10 12 4 8 34 18
0 2 6 20 5 6 72 5 6 62 5 6 29 1 7 37 95 95 95 95 95 95 95 95 95 95 95 95 95 95 95 95 95 95 95 95 95 95 95 95 95 95 95 95 95 95 95 95 95 95 95 95 95 95 95 95 95 95 95 95 95 95 95 95 95 95 95 95 95 95 95 95 95 95 95 95 95 95 95 95 95 95 95 95 95 95 95 95 95 95 95 95 95 95 95 95 95 95 95 95 95 95 95 95 95 95 95 95 95 95 95 95 95 95 95 95 95 95 95 95 95 95 95 95 95 95 95 95 95 95 95 95 95 95 95
0 2 6 72 5 6 62 1 7 66 3 4 8 77 16 93 10 12 4 8 87 16 90 10 11 4 8 71 16 92 10 12 4 8 70 14 89 90 10 12 4 8 68 13 90 10 11 4 8 71 16 90 10 12 4 8 74 16 94 10 11 4 8 77 17 91 10 11 4 8 81 16 91 10 11 4 8 87 13 90 10 11 4 8 76 18 94 10 11 4 8 71 13 90 10 11 4 8 67 16 90 10 12 4 8 71 17 89 92 10 11 4 8 79 15 92 10 11 4 8 81 17 91 10 12 4 8 83 15 91 10 12 4 8 81
0 2 6 72 1 7 82 95 95 95 95 95 95 95 95 95 95 95 95 95 95 95 95 95 95 95 95 95 95 95 95 95 95 95 95 95 95 95 95 95 95 95 95 95 95 95 95 95 95 95 95 95 95 95 95 95 95 95 95 95 95 95 95 95 95 95 95 95 95 95 95 95 95 95 95 95 95 95 95 95 95 95 95 95 95 95 95 95 95 95 95 95 95 95 95 95 95 95 95 95 95 95 95 95 95 95 95 95 95 95 95 95 95 95 95 95 95 95 95 95 95 95 95 95 95 95 95 95 95 95 95 95 95 95 95
0 2 6 72 1 7 76 5 7 84 95 95 95 95 95 95 95 95 95 95 95 95 95 95 95 95 95 95 95 95 95 95 95 95 95 95 95 95 95 95 95 95 95 95 95 95 95 95 95 95 95 95 95 95 95 95 95 95 95 95 95 95 95 95 95 95 95 95 95 95 95 95 95 95 95 95 95 95 95 95 95 95 95 95 95 95 95 95 95 95 95 95 95 95 95 95 95 95 95 95 95 95 95 95 95 95 95 95 95 95 95 95 95 95 95 95 95 95 95 95 95 95 95 95 95 95 95 95 95 95 95 95 95 95 95
0 2 6 47 5 6 72 1 7 88 5 7 49 95 95 95 95 95 95 95 95 95 95 95 95 95 95 95 95 95 95 95 95 95 95 95 95 95 95 95 95 95 95 95 95 95 95 95 95 95 95 95 95 95 95 95 95 95 95 95 95 95 95 95 95 95 95 95 95 95 95 95 95 95 95 95 95 95 95 95 95 95 95 95 95 95 95 95 95 95 95 95 95 95 95 95 95 95 95 95 95 95 95 95 95 95 95 95 95 95 95 95 95 95 95 95 95 95 95 95 95 95 95 95 95 95 95 95 95 95 95 95 95 95 95
0 2 6 25 5 6 53 5 6 62 5 6 72 5 6 20 5 6 47 5 6 29 5 6 39 1 7 82 95 95 95 95 95 95 95 95 95 95 95 95 95 95 95 95 95 95 95 95 95 95 95 95 95 95 95 95 95 95 95 95 95 95 95 95 95 95 95 95 95 95 95 95 95 95 95 95 95 95 95 95 95 95 95 95 95 95 95 95 95 95 95 95 95 95 95 95 95 95 95 95 95 95 95 95 95 95 95 95 95 95 95 95 95 95 95 95 95 95 95 95 95 95 95 95 95 95 95 95 95 95 95 95 95 95 95
0 2 6 72 5 6 62 5 6 25 5 6 20 1 7 70 3 4 8 74 15 92 10 12 4 8 78 18 91 10 11 4 8 26 17 94 10 12 4 8 26 18 91 10 11 4 8 78 18 89 91 10 11 4 8 74 16 91 10 11 4 8 28 18 92 10 12 4 8 87 16 91 10 11 4 8 75 17 91 10 11 4 8 68 16 93 10 11 4 8 27 16 92 10 12 4 8 67 16 93 10 11 4 8 76 16 92 10 11 4 8 68 15 89 92 10 11 4 8 64 15 92 10 11 4 8 79 15 92 10 12 4 8 67 18
0 2 6 72 1 7 83 3 4 8 80 18 90 10 12 4 8 80 14 89 94 10 11 4 8 84 13 94 10 12 4 8 74 16 94 10 11 4 8 83 17 94 10 12 4 8 74 16 94 10 11 4 8 77 16 94 10 12 4 8 74 18 89 90 10 11 4 8 74 16 91 10 12 4 8 74 16 93 10 11 4 8 81 14 90 10 12 4 8 73 13 94 10 11 4 8 79 15 94 10 12 4 8 73 13 94 10 11 4 8 81 16 90 10 11 4 8 87 16 90 10 11 4 8 87 16 91 10 11 4 8 87 16 91 10
0 2 6 29 1 7 34 3 4 8 30 14 94 10 12 4 8 32 13 90 10 11 4 8 33 15 92 10 11 4 8 35 16 90 10 11 4 8 33 17 92 10 12 4 8 33 13 94 10 12 4 8 38 14 90 10 11 4 8 35 15 91 10 12 4 8 37 13 90 10 11 4 8 30 17 91 10 11 4 8 38 15 94 10 12 4 8 33 17 93 10 11 4 8 36 17 94 10 12 4 8 30 18 93 10 12 4 8 30 18 94 10 12 4 8 38 17 92 10 12 4 8 33 15 94 10 11 4 8 37 17 93 10 12 4
0 2 6 25 1 7 28 3 4 8 27 14 90 10 12 4 8 26 16 93 10 11 4 8 26 18 93 10 11 4 8 26 14 92 10 11 4 8 27 15 92 10 12 4 8 26 14 94 10 11 4 8 28 13 94 10 11 4 8 26 18 94 10 11 4 8 27 14 92 10 11 4 8 26 14 89 90 10 11 4 8 26 14 90 10 12 4 8 26 16 90 10 12 4 8 26 13 94 10 11 4 8 27 14 92 10 11 4 8 26 13 90 10 12 4 8 26 13 94 10 12 4 8 26 13 94 10 11 4 8 26 14 90 10 11
0 2 6 62 1 7 71 5 7 71 5 7 66 95 95 95 95 95 95 95 95 95 95 95 95 95 95 95 95 95 95 95 95 95 95 95 95 95 95 95 95 95 95 95 95 95 95 95 95 95 95 95 95 95 95 95 95 95 95 95 95 95 95 95 95 95 95 95 95 95 95 95 95 95 95 95 95 95 95 95 95 95 95 95 95 95 95 95 95 95 95 95 95 95 95 95 95 95 95 95 95 95 95 95 95 95 95 95 95 95 95 95 95 95 95 95 95 95 95 95 95 95 95 95 95 95 95 95 95 95 95 95 95 95 95
0 2 6 25 1 7 28 5 7 19 5 7 19 3 4 8 26 15 94 10 11 4 8 26 17 91 10 11 4 8 27 14 90 10 11 4 8 28 13 92 10 11 4 8 26 18 92 10 11 4 8 26 14 92 10 11 4 8 26 14 89 92 10 11 4 8 26 14 89 90 10 11 4 8 26 15 94 10 11 4 8 26 14 90 10 11 4 8 28 17 89 94 10 11 4 8 26 16 90 10 12 4 8 26 16 94 10 11 4 8 26 13 90 10 11 4 8 26 18 89 94 10 11 4 8 26 18 93 10 12 4 8 26 13 93
0 2 6 20 5 6 47 5 6 29 5 6 25 1 7 30 95 95 95 95 95 95 95 95 95 95 95 95 95 95 95 95 95 95 95 95 95 95 95 95 95 95 95 95 95 95 95 95 95 95 95 95 95 95 95 95 95 95 95 95 95 95 95 95 95 95 95 95 95 95 95 95 95 95 95 95 95 95 95 95 95 95 95 95 95 95 95 95 95 95 95 95 95 95 95 95 95 95 95 95 95 95 95 95 95 95 95 95 95 95 95 95 95 95 95 95 95 95 95 95 95 95 95 95 95 95 95 95 95 95 95 95 95 95 95
0 2 6 39 5 6 72 5 6 47 1 7 51 5 7 82 3 4 8 75 17 91 10 12 4 8 81 16 92 10 11 4 8 74 15 92 10 11 4 8 87 13 92 10 12 4 8 81 16 89 90 10 11 4 8 49 17 92 10 11 4 8 74 17 94 10 11 4 8 77 13 94 10 11 4 8 83 13 89 90 10 11 4 8 75 15 94 10 11 4 8 52 15 93 10 12 4 8 48 16 93 10 12 4 8 41 18 92 10 11 4 8 81 14 90 10 11 4 8 87 15 91 10 11 4 8 45 16 91 10 11 4 8 50 16
0 2 6 72 5 6 53 5 6 47 5 6 62 5 6 29 5 6 20 5 6 25 1 7 70 3 4 8 63 13 94 10 11 4 8 68 15 92 10 11 4 8 76 18 91 10 11 4 8 49 15 89 94 10 11 4 8 27 14 92 10 12 4 8 87 16 94 10 12 4 8 85 18 90 10 12 4 8 26 14 90 10 12 4 8 26 14 93 10 11 4 8 87 14 92 10 11 4 8 75 15 89 93 10 12 4 8 70 15 91 10 12 4 8 52 15 94 10 12 4 8 60 13 90 10 11 4 8 55 15 94 10 12 4 8
0 2 6 20 5 6 53 5 6 39 5 6 25 5 6 29 1 7 35 5 7 42 5 7 44 5 7 19 3 4 8 59 15 94 10 12 4 8 21 17 92 10 11 4 8 46 15 93 10 11 4 8 30 13 90 10 11 4 8 55 16 89 90 10 12 4 8 26 18 94 10 11 4 8 58 14 92 10 12 4 8 61 13 90 10 11 4 8 36 13 93 10 11 4 8 45 16 91 10 12 4 8 57 14 90 10 11 4 8 35 16 90 10 11 4 8 21 18 90 10 11 4 8 33 13 94 10 12 4 8 59 14 90 10 11
0 2 6 25 1 7 19 5 7 26 95 95 95 95 95 95 95 95 95 95 95 95 95 95 95 95 95 95 95 95 95 95 95 95 95 95 95 95 95 95 95 95 95 95 95 95 95 95 95 95 95 95 95 95 95 95 95 95 95 95 95 95 95 95 95 95 95 95 95 95 95 95 95 95 95 95 95 95 95 95 95 95 95 95 95 95 95 95 95 95 95 95 95 95 95 95 95 95 95 95 95 95 95 95 95 95 95 95 95 95 95 95 95 95 95 95 95 95 95 95 95 95 95 95 95 95 95 95 95 95 95 95 95 95 95
0 2 6 72 1 7 78 5 7 86 95 95 95 95 95 95 95 95 95 95 95 95 95 95 95 95 95 95 95 95 95 95 95 95 95 95 95 95 95 95 95 95 95 95 95 95 95 95 95 95 95 95 95 95 95 95 95 95 95 95 95 95 95 95 95 95 95 95 95 95 95 95 95 95 95 95 95 95 95 95 95 95 95 95 95 95 95 95 95 95 95 95 95 95 95 95 95 95 95 95 95 95 95 95 95 95 95 95 95 95 95 95 95 95 95 95 95 95 95 95 95 95 95 95 95 95 95 95 95 95 95 95 95 95 95
0 2 6 25 1 7 19 5 7 19 3 4 8 26 14 89 93 10 12 4 8 26 13 92 10 11 4 8 26 18 92 10 11 4 8 26 15 94 10 11 4 8 26 17 91 10 11 4 8 27 14 92 10 11 4 8 27 13 92 10 12 4 8 26 17 91 10 11 4 8 26 18 89 93 10 11 4 8 26 15 90 10 12 4 8 27 13 93 10 12 4 8 26 18 92 10 12 4 8 27 17 90 10 11 4 8 26 14 92 10 12 4 8 26 13 94 10 11 4 8 26 16 90 10 12 4 8 26 13 94 10 11 4 8 26
0 2 6 20 1 7 24 95 95 95 95 95 95 95 95 95 95 95 95 95 95 95 95 95 95 95 95 95 95 95 95 95 95 95 95 95 95 95 95 95 95 95 95 95 95 95 95 95 95 95 95 95 95 95 95 95 95 95 95 95 95 95 95 95 95 95 95 95 95 95 95 95 95 95 95 95 95 95 95 95 95 95 95 95 95 95 95 95 95 95 95 95 95 95 95 95 95 95 95 95 95 95 95 95 95 95 95 95 95 95 95 95 95 95 95 95 95 95 95 95 95 95 95 95 95 95 95 95 95 95 95 95 95 95 95
0 2 6 25 5 6 29 5 6 62 5 6 72 1 7 19 3 4 8 26 18 89 90 10 11 4 8 37 17 94 10 11 4 8 75 17 91 10 11 4 8 28 14 90 10 11 4 8 28 15 91 10 11 4 8 73 15 91 10 11 4 8 81 16 92 10 11 4 8 30 13 94 10 11 4 8 74 16 91 10 12 4 8 71 16 90 10 11 4 8 71 13 92 10 12 4 8 26 15 89 90 10 12 4 8 83 16 91 10 11 4 8 38 16 91 10 12 4 8 75 13 90 10 12 4 8 75 16 93 10 12 4 8 71 14
0 2 6 72 5 6 47 1 7 51 95 95 95 95 95 95 95 95 95 95 95 95 95 95 95 95 95 95 95 95 95 95 95 95 95 95 95 95 95 95 95 95 95 95 95 95 95 95 95 95 95 95 95 95 95 95 95 95 95 95 95 95 95 95 95 95 95 95 95 95 95 95 95 95 95 95 95 95 95 95 95 95 95 95 95 95 95 95 95 95 95 95 95 95 95 95 95 95 95 95 95 95 95 95 95 95 95 95 95 95 95 95 95 95 95 95 95 95 95 95 95 95 95 95 95 95 95 95 95 95 95 95 95 95 95
0 2 6 25 5 6 72 1 7 77 5 7 26 95 95 95 95 95 95 95 95 95 95 95 95 95 95 95 95 95 95 95 95 95 95 95 95 95 95 95 95 95 95 95 95 95 95 95 95 95 95 95 95 95 95 95 95 95 95 95 95 95 95 95 95 95 95 95 95 95 95 95 95 95 95 95 95 95 95 95 95 95 95 95 95 95 95 95 95 95 95 95 95 95 95 95 95 95 95 95 95 95 95 95 95 95 95 95 95 95 95 95 95 95 95 95 95 95 95 95 95 95 95 95 95 95 95 95 95 95 95 95 95 95 95
0 2 6 29 1 7 35 5 7 31 5 7 33 3 4 8 38 13 94 10 12 4 8 35 17 91 10 11 4 8 34 17 91 10 12 4 8 36 16 91 10 11 4 8 30 18 89 92 10 12 4 8 38 16 90 10 11 4 8 33 18 89 90 10 11 4 8 38 16 90 10 11 4 8 35 18 92 10 12 4 8 30 16 90 10 11 4 8 35 16 94 10 11 4 8 33 18 89 93 10 12 4 8 38 16 93 10 12 4 8 33 15 90 10 11 4 8 37 17 92 10 12 4 8 35 15 94 10 12 4 8 37 13 94 10
0 2 6 62 5 6 72 5 6 20 1 7 82 95 95 95 95 95 95 95 95 95 95 95 95 95 95 95 95 95 95 95 95 95 95 95 95 95 95 95 95 95 95 95 95 95 95 95 95 95 95 95 95 95 95 95 95 95 95 95 95 95 95 95 95 95 95 95 95 95 95 95 95 95 95 95 95 95 95 95 95 95 95 95 95 95 95 95 95 95 95 95 95 95 95 95 95 95 95 95 95 95 95 95 95 95 95 95 95 95 95 95 95 95 95 95 95 95 95 95 95 95 95 95 95 95 95 95 95 95 95 95 95 95 95
0 2 6 29 1 7 37 95 95 95 95 95 95 95 95 95 95 95 95 95 95 95 95 95 95 95 95 95 95 95 95 95 95 95 95 95 95 95 95 95 95 95 95 95 95 95 95 95 95 95 95 95 95 95 95 95 95 95 95 95 95 95 95 95 95 95 95 95 95 95 95 95 95 95 95 95 95 95 95 95 95 95 95 95 95 95 95 95 95 95 95 95 95 95 95 95 95 95 95 95 95 95 95 95 95 95 95 95 95 95 95 95 95 95 95 95 95 95 95 95 95 95 95 95 95 95 95 95 95 95 95 95 95 95 95
0 2 6 62 1 7 70 5 7 67 95 95 95 95 95 95 95 95 95 95 95 95 95 95 95 95 95 95 95 95 95 95 95 95 95 95 95 95 95 95 95 95 95 95 95 95 95 95 95 95 95 95 95 95 95 95 95 95 95 95 95 95 95 95 95 95 95 95 95 95 95 95 95 95 95 95 95 95 95 95 95 95 95 95 95 95 95 95 95 95 95 95 95 95 95 95 95 95 95 95 95 95 95 95 95 95 95 95 95 95 95 95 95 95 95 95 95 95 95 95 95 95 95 95 95 95 95 95 95 95 95 95 95 95 95
0 2 6 72 1 7 88 5 7 82 95 95 95 95 95 95 95 95 95 95 95 95 95 95 95 95 95 95 95 95 95 95 95 95 95 95 95 95 95 95 95 95 95 95 95 95 95 95 95 95 95 95 95 95 95 95 95 95 95 95 95 95 95 95 95 95 95 95 95 95 95 95 95 95 95 95 95 95 95 95 95 95 95 95 95 95 95 95 95 95 95 95 95 95 95 95 95 95 95 95 95 95 95 95 95 95 95 95 95 95 95 95 95 95 95 95 95 95 95 95 95 95 95 95 95 95 95 95 95 95 95 95 95 95 95
0 2 6 72 5 6 20 1 7 73 95 95 95 95 95 95 95 95 95 95 95 95 95 95 95 95 95 95 95 95 95 95 95 95 95 95 95 95 95 95 95 95 95 95 95 95 95 95 95 95 95 95 95 95 95 95 95 95 95 95 95 95 95 95 95 95 95 95 95 95 95 95 95 95 95 95 95 95 95 95 95 95 95 95 95 95 95 95 95 95 95 95 95 95 95 95 95 95 95 95 95 95 95 95 95 95 95 95 95 95 95 95 95 95 95 95 95 95 95 95 95 95 95 95 95 95 95 95 95 95 95 95 95 95 95
0 2 6 25 5 6 47 5 6 62 5 6 72 5 6 53 1 7 59 95 95 95 95 95 95 95 95 95 95 95 95 95 95 95 95 95 95 95 95 95 95 95 95 95 95 95 95 95 95 95 95 95 95 95 95 95 95 95 95 95 95 95 95 95 95 95 95 95 95 95 95 95 95 95 95 95 95 95 95 95 95 95 95 95 95 95 95 95 95 95 95 95 95 95 95 95 95 95 95 95 95 95 95 95 95 95 95 95 95 95 95 95 95 95 95 95 95 95 95 95 95 95 95 95 95 95 95 95 95 95 95 95 95 95 95
0 2 6 72 5 6 29 1 7 79 3 4 8 31 17 91 10 12 4 8 37 13 94 10 12 4 8 74 17 94 10 12 4 8 83 14 90 10 12 4 8 75 16 91 10 12 4 8 38 16 90 10 12 4 8 35 14 90 10 11 4 8 33 18 94 10 12 4 8 88 13 94 10 11 4 8 82 17 91 10 11 4 8 75 17 89 94 10 12 4 8 79 18 92 10 12 4 8 33 18 93 10 12 4 8 74 16 94 10 11 4 8 81 16 90 10 12 4 8 81 17 93 10 11 4 8 74 17 94 10 11 4 8 37 13
0 2 6 20 1 7 19 3 4 8 21 17 90 10 12 4 8 21 17 92 10 11 4 8 23 14 94 10 11 4 8 24 18 93 10 11 4 8 24 15 93 10 12 4 8 23 14 94 10 12 4 8 21 13 94 10 12 4 8 24 17 93 10 11 4 8 21 13 94 10 12 4 8 22 15 94 10 11 4 8 22 17 93 10 11 4 8 22 14 90 10 12 4 8 22 14 94 10 11 4 8 23 18 89 93 10 12 4 8 24 14 94 10 11 4 8 21 14 90 10 12 4 8 23 14 92 10 11 4 8 24 16 93 10 11
0 2 6 20 5 6 25 5 6 47 1 7 28 95 95 95 95 95 95 95 95 95 95 95 95 95 95 95 95 95 95 95 95 95 95 95 95 95 95 95 95 95 95 95 95 95 95 95 95 95 95 95 95 95 95 95 95 95 95 95 95 95 95 95 95 95 95 95 95 95 95 95 95 95 95 95 95 95 95 95 95 95 95 95 95 95 95 95 95 95 95 95 95 95 95 95 95 95 95 95 95 95 95 95 95 95 95 95 95 95 95 95 95 95 95 95 95 95 95 95 95 95 95 95 95 95 95 95 95 95 95 95 95 95 95
0 2 6 72 1 7 87 95 95 95 95 95 95 95 95 95 95 95 95 95 95 95 95 95 95 95 95 95 95 95 95 95 95 95 95 95 95 95 95 95 95 95 95 95 95 95 95 95 95 95 95 95 95 95 95 95 95 95 95 95 95 95 95 95 95 95 95 95 95 95 95 95 95 95 95 95 95 95 95 95 95 95 95 95 95 95 95 95 95 95 95 95 95 95 95 95 95 95 95 95 95 95 95 95 95 95 95 95 95 95 95 95 95 95 95 95 95 95 95 95 95 95 95 95 95 95 95 95 95 95 95 95 95 95 95
0 2 6 47 5 6 72 5 6 25 5 6 62 1 7 67 95 95 95 95 95 95 95 95 95 95 95 95 95 95 95 95 95 95 95 95 95 95 95 95 95 95 95 95 95 95 95 95 95 95 95 95 95 95 95 95 95 95 95 95 95 95 95 95 95 95 95 95 95 95 95 95 95 95 95 95 95 95 95 95 95 95 95 95 95 95 95 95 95 95 95 95 95 95 95 95 95 95 95 95 95 95 95 95 95 95 95 95 95 95 95 95 95 95 95 95 95 95 95 95 95 95 95 95 95 95 95 95 95 95 95 95 95 95 95
0 2 6 62 5 6 47 1 7 49 3 4 8 52 13 94 10 11 4 8 71 13 89 90 10 12 4 8 49 13 93 10 12 4 8 48 14 92 10 11 4 8 49 17 91 10 12 4 8 71 17 91 10 12 4 8 52 14 90 10 11 4 8 52 17 93 10 11 4 8 50 14 92 10 12 4 8 50 16 90 10 11 4 8 67 16 91 10 11 4 8 49 15 93 10 11 4 8 50 16 90 10 12 4 8 52 17 91 10 11 4 8 71 13 94 10 11 4 8 71 14 92 10 12 4 8 63 15 93 10 12 4 8 52 17
0 2 6 25 5 6 72 5 6 62 5 6 20 5 6 29 5 6 39 5 6 47 5 6 53 1 7 38 3 4 8 26 16 91 10 11 4 8 43 14 92 10 12 4 8 50 16 90 10 11 4 8 42 16 89 94 10 11 4 8 49 15 91 10 12 4 8 78 13 90 10 12 4 8 79 15 94 10 11 4 8 21 16 91 10 12 4 8 80 18 94 10 12 4 8 27 13 90 10 11 4 8 26 18 94 10 11 4 8 74 15 94 10 11 4 8 87 16 94 10 11 4 8 55 16 91 10 12 4 8 33 17 91 10 11
0 2 6 47 5 6 62 5 6 29 5 6 20 5 6 25 5 6 72 1 7 49 3 4 8 74 16 91 10 11 4 8 22 15 91 10 11 4 8 71 15 92 10 11 4 8 48 16 90 10 11 4 8 33 15 93 10 11 4 8 74 17 91 10 11 4 8 48 15 91 10 11 4 8 37 17 93 10 11 4 8 33 18 93 10 11 4 8 49 15 92 10 11 4 8 23 13 94 10 11 4 8 67 16 90 10 12 4 8 75 17 93 10 11 4 8 87 16 91 10 11 4 8 69 13 92 10 11 4 8 73 17 91 10 11
0 2 6 72 1 7 82 5 7 73 3 4 8 75 18 89 94 10 11 4 8 87 14 92 10 12 4 8 73 17 92 10 11 4 8 74 14 92 10 12 4 8 74 13 92 10 11 4 8 82 18 91 10 11 4 8 75 17 91 10 11 4 8 87 15 93 10 12 4 8 78 14 92 10 12 4 8 73 15 92 10 11 4 8 79 17 91 10 12 4 8 75 14 89 90 10 12 4 8 75 17 91 10 12 4 8 75 13 94 10 11 4 8 76 18 94 10 12 4 8 74 13 94 10 11 4 8 87 14 92 10 11 4 8 86
0 2 6 25 5 6 20 1 7 26 3 4 8 26 16 91 10 12 4 8 24 18 92 10 12 4 8 24 16 91 10 11 4 8 26 18 90 10 11 4 8 28 16 91 10 11 4 8 26 14 92 10 11 4 8 21 18 93 10 11 4 8 27 13 92 10 11 4 8 26 15 93 10 12 4 8 21 17 92 10 11 4 8 21 18 89 90 10 11 4 8 26 18 91 10 12 4 8 21 17 91 10 11 4 8 24 18 92 10 11 4 8 21 17 91 10 11 4 8 21 17 91 10 11 4 8 28 13 91 10 11 4 8 21 13
0 2 6 20 5 6 62 1 7 67 3 4 8 63 16 91 10 12 4 8 71 14 92 10 12 4 8 70 15 92 10 11 4 8 63 13 92 10 11 4 8 67 15 93 10 12 4 8 68 18 94 10 11 4 8 63 17 91 10 11 4 8 71 13 93 10 11 4 8 68 13 94 10 11 4 8 66 13 94 10 12 4 8 70 15 93 10 11 4 8 68 16 90 10 11 4 8 22 15 92 10 11 4 8 22 16 90 10 11 4 8 70 15 94 10 11 4 8 22 15 92 10 11 4 8 21 13 94 10 12 4 8 67 17 94
0 2 6 29 1 7 35 3 4 8 33 13 94 10 12 4 8 35 15 91 10 11 4 8 33 18 91 10 12 4 8 33 15 91 10 11 4 8 38 13 89 90 10 12 4 8 34 16 91 10 12 4 8 30 18 93 10 11 4 8 34 18 90 10 12 4 8 38 17 91 10 11 4 8 31 16 90 10 12 4 8 35 16 91 10 12 4 8 33 15 94 10 11 4 8 36 18 94 10 11 4 8 33 17 91 10 12 4 8 33 18 93 10 12 4 8 33 17 92 10 12 4 8 32 18 89 93 10 12 4 8 33 15 92 10
0 2 6 62 5 6 72 1 7 65 3 4 8 70 13 90 10 11 4 8 68 14 92 10 11 4 8 74 17 91 10 11 4 8 83 15 92 10 11 4 8 67 16 93 10 12 4 8 68 13 90 10 12 4 8 74 17 91 10 12 4 8 80 18 92 10 11 4 8 81 14 90 10 12 4 8 81 15 94 10 11 4 8 68 15 89 90 10 12 4 8 77 13 90 10 11 4 8 67 17 91 10 11 4 8 71 14 90 10 12 4 8 70 13 94 10 11 4 8 73 16 90 10 11 4 8 70 13 90 10 11 4 8 68 14
0 2 6 72 5 6 62 1 7 65 3 4 8 77 16 93 10 11 4 8 77 13 94 10 11 4 8 76 18 90 10 11 4 8 75 17 91 10 12 4 8 84 15 92 10 11 4 8 63 15 89 90 10 11 4 8 79 18 92 10 12 4 8 66 14 94 10 12 4 8 87 13 92 10 12 4 8 70 14 92 10 11 4 8 86 16 90 10 11 4 8 87 14 92 10 12 4 8 87 16 91 10 11 4 8 73 15 93 10 12 4 8 78 16 90 10 11 4 8 66 13 91 10 11 4 8 79 18 94 10 11 4 8 88 13
0 2 6 29 1 7 34 3 4 8 38 17 93 10 12 4 8 36 15 94 10 12 4 8 34 14 92 10 11 4 8 37 16 91 10 12 4 8 36 17 94 10 11 4 8 33 17 91 10 11 4 8 37 16 90 10 11 4 8 33 14 90 10 11 4 8 36 18 91 10 11 4 8 30 18 90 10 11 4 8 35 17 91 10 11 4 8 36 16 90 10 12 4 8 30 13 89 90 10 12 4 8 38 16 90 10 12 4 8 33 18 89 90 10 12 4 8 36 15 93 10 12 4 8 36 17 93 10 11 4 8 37 15 89 90
0 2 6 72 5 6 20 5 6 29 5 6 62 5 6 25 1 7 38 5 7 22 3 4 8 65 17 89 90 10 11 4 8 71 16 94 10 12 4 8 33 17 93 10 11 4 8 81 16 91 10 11 4 8 22 16 90 10 12 4 8 38 13 89 93 10 12 4 8 84 14 92 10 11 4 8 79 15 93 10 11 4 8 68 14 90 10 12 4 8 87 16 94 10 12 4 8 87 13 89 92 10 11 4 8 74 17 91 10 12 4 8 35 16 94 10 11 4 8 81 15 92 10 11 4 8 33 15 94 10 11 4 8 23 14
0 2 6 25 5 6 62 1 7 65 3 4 8 27 14 90 10 11 4 8 28 13 92 10 12 4 8 26 17 90 10 12 4 8 27 13 94 10 11 4 8 66 17 94 10 11 4 8 26 14 89 90 10 11 4 8 71 16 91 10 11 4 8 27 18 94 10 11 4 8 67 16 91 10 12 4 8 63 18 93 10 12 4 8 68 13 94 10 11 4 8 63 16 90 10 12 4 8 26 14 92 10 11 4 8 26 18 89 90 10 11 4 8 28 18 89 90 10 11 4 8 27 14 92 10 11 4 8 26 14 89 93 10 12 4
0 2 6 47 1 7 51 95 95 95 95 95 95 95 95 95 95 95 95 95 95 95 95 95 95 95 95 95 95 95 95 95 95 95 95 95 95 95 95 95 95 95 95 95 95 95 95 95 95 95 95 95 95 95 95 95 95 95 95 95 95 95 95 95 95 95 95 95 95 95 95 95 95 95 95 95 95 95 95 95 95 95 95 95 95 95 95 95 95 95 95 95 95 95 95 95 95 95 95 95 95 95 95 95 95 95 95 95 95 95 95 95 95 95 95 95 95 95 95 95 95 95 95 95 95 95 95 95 95 95 95 95 95 95 95
0 2 6 72 5 6 62 5 6 25 5 6 39 5 6 20 1 7 68 5 7 76 3 4 8 87 13 94 10 11 4 8 87 17 94 10 11 4 8 46 18 92 10 11 4 8 80 18 92 10 12 4 8 75 14 92 10 12 4 8 73 15 94 10 11 4 8 86 16 91 10 11 4 8 79 15 92 10 11 4 8 63 14 92 10 11 4 8 75 15 94 10 11 4 8 80 17 92 10 12 4 8 88 15 94 10 11 4 8 78 16 91 10 11 4 8 88 16 93 10 11 4 8 73 17 94 10 11 4 8 88 16 92 10 11
0 2 6 20 1 7 24 3 4 8 21 18 90 10 11 4 8 21 17 92 10 11 4 8 21 17 91 10 11 4 8 24 16 93 10 11 4 8 22 18 89 92 10 11 4 8 23 13 94 10 12 4 8 21 17 91 10 12 4 8 24 14 89 90 10 12 4 8 24 13 94 10 12 4 8 22 15 92 10 12 4 8 22 15 93 10 11 4 8 22 17 92 10 11 4 8 23 16 93 10 12 4 8 21 13 92 10 11 4 8 22 15 92 10 12 4 8 22 18 89 92 10 11 4 8 23 17 91 10 11 4 8 21 14 90
0 2 6 47 1 7 48 95 95 95 95 95 95 95 95 95 95 95 95 95 95 95 95 95 95 95 95 95 95 95 95 95 95 95 95 95 95 95 95 95 95 95 95 95 95 95 95 95 95 95 95 95 95 95 95 95 95 95 95 95 95 95 95 95 95 95 95 95 95 95 95 95 95 95 95 95 95 95 95 95 95 95 95 95 95 95 95 95 95 95 95 95 95 95 95 95 95 95 95 95 95 95 95 95 95 95 95 95 95 95 95 95 95 95 95 95 95 95 95 95 95 95 95 95 95 95 95 95 95 95 95 95 95 95 95
0 2 6 29 1 7 30 3 4 8 33 15 90 10 11 4 8 36 17 91 10 12 4 8 33 15 93 10 11 4 8 32 16 94 10 11 4 8 35 13 94 10 12 4 8 30 13 90 10 11 4 8 36 16 91 10 12 4 8 34 16 91 10 11 4 8 34 16 91 10 11 4 8 38 15 91 10 11 4 8 30 13 93 10 11 4 8 33 15 92 10 12 4 8 33 15 94 10 11 4 8 37 17 89 90 10 12 4 8 35 16 90 10 11 4 8 36 15 94 10 12 4 8 37 13 94 10 11 4 8 30 18 89 90 10
0 2 6 20 1 7 24 5 7 24 5 7 21 95 95 95 95 95 95 95 95 95 95 95 95 95 95 95 95 95 95 95 95 95 95 95 95 95 95 95 95 95 95 95 95 95 95 95 95 95 95 95 95 95 95 95 95 95 95 95 95 95 95 95 95 95 95 95 95 95 95 95 95 95 95 95 95 95 95 95 95 95 95 95 95 95 95 95 95 95 95 95 95 95 95 95 95 95 95 95 95 95 95 95 95 95 95 95 95 95 95 95 95 95 95 95 95 95 95 95 95 95 95 95 95 95 95 95 95 95 95 95 95 95 95
0 2 6 29 1 7 35 3 4 8 35 16 93 10 11 4 8 30 15 93 10 12 4 8 34 13 94 10 12 4 8 33 14 92 10 12 4 8 34 18 89 90 10 12 4 8 35 16 91 10 12 4 8 34 14 89 90 10 11 4 8 30 17 92 10 12 4 8 36 13 90 10 11 4 8 35 13 92 10 12 4 8 35 16 91 10 12 4 8 35 16 90 10 11 4 8 37 13 94 10 11 4 8 38 18 91 10 12 4 8 34 14 90 10 12 4 8 37 13 90 10 12 4 8 37 13 94 10 11 4 8 31 14 90 10
0 2 6 29 1 7 19 95 95 95 95 95 95 95 95 95 95 95 95 95 95 95 95 95 95 95 95 95 95 95 95 95 95 95 95 95 95 95 95 95 95 95 95 95 95 95 95 95 95 95 95 95 95 95 95 95 95 95 95 95 95 95 95 95 95 95 95 95 95 95 95 95 95 95 95 95 95 95 95 95 95 95 95 95 95 95 95 95 95 95 95 95 95 95 95 95 95 95 95 95 95 95 95 95 95 95 95 95 95 95 95 95 95 95 95 95 95 95 95 95 95 95 95 95 95 95 95 95 95 95 95 95 95 95 95
0 2 6 20 1 7 24 95 95 95 95 95 95 95 95 95 95 95 95 95 95 95 95 95 95 95 95 95 95 95 95 95 95 95 95 95 95 95 95 95 95 95 95 95 95 95 95 95 95 95 95 95 95 95 95 95 95 95 95 95 95 95 95 95 95 95 95 95 95 95 95 95 95 95 95 95 95 95 95 95 95 95 95 95 95 95 95 95 95 95 95 95 95 95 95 95 95 95 95 95 95 95 95 95 95 95 95 95 95 95 95 95 95 95 95 95 95 95 95 95 95 95 95 95 95 95 95 95 95 95 95 95 95 95 95
0 2 6 62 1 7 64 3 4 8 70 18 89 90 10 11 4 8 63 13 94 10 11 4 8 63 13 94 10 11 4 8 71 16 91 10 12 4 8 65 16 91 10 12 4 8 71 14 89 92 10 12 4 8 69 14 90 10 11 4 8 70 15 89 92 10 11 4 8 71 14 89 92 10 12 4 8 66 13 94 10 12 4 8 67 16 89 90 10 12 4 8 64 16 92 10 11 4 8 69 16 90 10 11 4 8 67 16 91 10 11 4 8 67 17 92 10 12 4 8 71 16 91 10 11 4 8 67 17 94 10 11 4 8 68
0 2 6 25 1 7 26 3 4 8 26 16 93 10 11 4 8 26 14 93 10 11 4 8 26 18 90 10 11 4 8 27 18 94 10 11 4 8 28 14 93 10 11 4 8 27 18 94 10 11 4 8 27 14 93 10 11 4 8 26 18 90 10 12 4 8 27 17 90 10 11 4 8 26 17 89 93 10 11 4 8 26 16 90 10 11 4 8 26 15 94 10 12 4 8 26 17 91 10 11 4 8 26 14 90 10 11 4 8 26 16 91 10 12 4 8 26 18 91 10 11 4 8 26 16 91 10 11 4 8 26 14 92 10 11
0 2 6 53 5 6 25 1 7 28 95 95 95 95 95 95 95 95 95 95 95 95 95 95 95 95 95 95 95 95 95 95 95 95 95 95 95 95 95 95 95 95 95 95 95 95 95 95 95 95 95 95 95 95 95 95 95 95 95 95 95 95 95 95 95 95 95 95 95 95 95 95 95 95 95 95 95 95 95 95 95 95 95 95 95 95 95 95 95 95 95 95 95 95 95 95 95 95 95 95 95 95 95 95 95 95 95 95 95 95 95 95 95 95 95 95 95 95 95 95 95 95 95 95 95 95 95 95 95 95 95 95 95 95 95
0 2 6 62 5 6 20 5 6 72 5 6 53 5 6 47 1 7 48 5 7 70 3 4 8 55 16 90 10 12 4 8 69 17 93 10 12 4 8 73 14 92 10 11 4 8 56 17 89 94 10 11 4 8 78 14 93 10 12 4 8 84 15 94 10 11 4 8 74 18 89 92 10 11 4 8 67 16 94 10 11 4 8 54 17 93 10 12 4 8 73 16 89 92 10 12 4 8 63 15 94 10 11 4 8 48 18 94 10 11 4 8 55 16 89 90 10 11 4 8 75 13 90 10 12 4 8 48 14 89 90 10 11 4 8
0 2 6 53 5 6 72 1 7 74 5 7 83 5 7 58 5 7 58 5 7 81 5 7 76 95 95 95 95 95 95 95 95 95 95 95 95 95 95 95 95 95 95 95 95 95 95 95 95 95 95 95 95 95 95 95 95 95 95 95 95 95 95 95 95 95 95 95 95 95 95 95 95 95 95 95 95 95 95 95 95 95 95 95 95 95 95 95 95 95 95 95 95 95 95 95 95 95 95 95 95 95 95 95 95 95 95 95 95 95 95 95 95 95 95 95 95 95 95 95 95 95 95 95 95 95 95 95 95 95 95 95 95 95 95
0 2 6 20 1 7 21 3 4 8 21 18 92 10 12 4 8 22 16 91 10 12 4 8 22 16 91 10 11 4 8 22 16 94 10 11 4 8 21 16 91 10 11 4 8 21 13 94 10 12 4 8 21 14 92 10 11 4 8 23 14 89 90 10 12 4 8 21 18 90 10 11 4 8 21 14 89 90 10 12 4 8 21 14 89 90 10 11 4 8 21 18 94 10 11 4 8 21 18 89 92 10 12 4 8 21 14 89 90 10 11 4 8 21 15 94 10 11 4 8 24 18 91 10 11 4 8 23 14 92 10 12 4 8 23
0 2 6 25 5 6 20 1 7 22 3 4 8 23 14 93 10 11 4 8 26 18 90 10 12 4 8 26 16 91 10 11 4 8 22 15 92 10 11 4 8 26 14 94 10 11 4 8 22 13 89 90 10 12 4 8 23 17 94 10 12 4 8 26 16 91 10 12 4 8 26 18 89 94 10 12 4 8 28 17 91 10 11 4 8 22 14 92 10 11 4 8 26 18 92 10 12 4 8 23 16 93 10 11 4 8 21 15 93 10 12 4 8 23 14 90 10 11 4 8 22 18 89 90 10 11 4 8 28 13 90 10 12 4 8
0 2 6 47 1 7 48 95 95 95 95 95 95 95 95 95 95 95 95 95 95 95 95 95 95 95 95 95 95 95 95 95 95 95 95 95 95 95 95 95 95 95 95 95 95 95 95 95 95 95 95 95 95 95 95 95 95 95 95 95 95 95 95 95 95 95 95 95 95 95 95 95 95 95 95 95 95 95 95 95 95 95 95 95 95 95 95 95 95 95 95 95 95 95 95 95 95 95 95 95 95 95 95 95 95 95 95 95 95 95 95 95 95 95 95 95 95 95 95 95 95 95 95 95 95 95 95 95 95 95 95 95 95 95 95
0 2 6 47 1 7 51 5 7 51 3 4 8 49 15 94 10 12 4 8 49 13 93 10 12 4 8 48 16 94 10 12 4 8 50 14 92 10 11 4 8 52 17 92 10 11 4 8 51 13 94 10 11 4 8 52 17 89 90 10 11 4 8 52 17 91 10 11 4 8 51 15 92 10 11 4 8 49 15 92 10 11 4 8 51 15 94 10 12 4 8 51 15 90 10 12 4 8 48 14 90 10 11 4 8 48 18 94 10 12 4 8 52 17 92 10 11 4 8 52 15 91 10 11 4 8 50 14 92 10 12 4 8 49 13
0 2 6 20 5 6 25 1 7 28 5 7 26 5 7 28 5 7 27 95 95 95 95 95 95 95 95 95 95 95 95 95 95 95 95 95 95 95 95 95 95 95 95 95 95 95 95 95 95 95 95 95 95 95 95 95 95 95 95 95 95 95 95 95 95 95 95 95 95 95 95 95 95 95 95 95 95 95 95 95 95 95 95 95 95 95 95 95 95 95 95 95 95 95 95 95 95 95 95 95 95 95 95 95 95 95 95 95 95 95 95 95 95 95 95 95 95 95 95 95 95 95 95 95 95 95 95 95 95 95 95 95 95 95 95
0 2 6 25 1 7 26 3 4 8 26 18 92 10 12 4 8 26 14 91 10 11 4 8 26 13 94 10 12 4 8 27 13 94 10 12 4 8 28 18 91 10 12 4 8 26 18 89 94 10 12 4 8 26 18 92 10 11 4 8 26 14 89 90 10 11 4 8 27 13 94 10 12 4 8 26 18 92 10 12 4 8 27 16 90 10 11 4 8 28 15 91 10 11 4 8 26 18 89 90 10 12 4 8 26 18 94 10 12 4 8 28 16 90 10 11 4 8 26 16 91 10 12 4 8 26 14 92 10 12 4 8 27 14 89
0 2 6 25 1 7 28 95 95 95 95 95 95 95 95 95 95 95 95 95 95 95 95 95 95 95 95 95 95 95 95 95 95 95 95 95 95 95 95 95 95 95 95 95 95 95 95 95 95 95 95 95 95 95 95 95 95 95 95 95 95 95 95 95 95 95 95 95 95 95 95 95 95 95 95 95 95 95 95 95 95 95 95 95 95 95 95 95 95 95 95 95 95 95 95 95 95 95 95 95 95 95 95 95 95 95 95 95 95 95 95 95 95 95 95 95 95 95 95 95 95 95 95 95 95 95 95 95 95 95 95 95 95 95 95
0 2 6 25 1 7 26 95 95 95 95 95 95 95 95 95 95 95 95 95 95 95 95 95 95 95 95 95 95 95 95 95 95 95 95 95 95 95 95 95 95 95 95 95 95 95 95 95 95 95 95 95 95 95 95 95 95 95 95 95 95 95 95 95 95 95 95 95 95 95 95 95 95 95 95 95 95 95 95 95 95 95 95 95 95 95 95 95 95 95 95 95 95 95 95 95 95 95 95 95 95 95 95 95 95 95 95 95 95 95 95 95 95 95 95 95 95 95 95 95 95 95 95 95 95 95 95 95 95 95 95 95 95 95 95
0 2 6 72 1 7 88 5 7 76 95 95 95 95 95 95 95 95 95 95 95 95 95 95 95 95 95 95 95 95 95 95 95 95 95 95 95 95 95 95 95 95 95 95 95 95 95 95 95 95 95 95 95 95 95 95 95 95 95 95 95 95 95 95 95 95 95 95 95 95 95 95 95 95 95 95 95 95 95 95 95 95 95 95 95 95 95 95 95 95 95 95 95 95 95 95 95 95 95 95 95 95 95 95 95 95 95 95 95 95 95 95 95 95 95 95 95 95 95 95 95 95 95 95 95 95 95 95 95 95 95 95 95 95 95
0 2 6 62 1 7 65 95 95 95 95 95 95 95 95 95 95 95 95 95 95 95 95 95 95 95 95 95 95 95 95 95 95 95 95 95 95 95 95 95 95 95 95 95 95 95 95 95 95 95 95 95 95 95 95 95 95 95 95 95 95 95 95 95 95 95 95 95 95 95 95 95 95 95 95 95 95 95 95 95 95 95 95 95 95 95 95 95 95 95 95 95 95 95 95 95 95 95 95 95 95 95 95 95 95 95 95 95 95 95 95 95 95 95 95 95 95 95 95 95 95 95 95 95 95 95 95 95 95 95 95 95 95 95 95
0 2 6 29 5 6 72 5 6 20 5 6 25 1 7 38 3 4 8 26 18 92 10 11 4 8 73 16 91 10 11 4 8 22 16 90 10 12 4 8 26 18 89 94 10 11 4 8 26 17 91 10 11 4 8 74 16 91 10 11 4 8 80 15 92 10 11 4 8 81 14 90 10 12 4 8 87 16 91 10 11 4 8 74 14 92 10 11 4 8 73 16 91 10 12 4 8 83 17 91 10 12 4 8 30 14 92 10 11 4 8 87 16 90 10 12 4 8 26 13 94 10 12 4 8 87 18 90 10 12 4 8 23 16 90
0 2 6 25 1 7 26 5 7 28 5 7 26 3 4 8 26 14 93 10 12 4 8 26 18 94 10 11 4 8 26 18 89 93 10 12 4 8 26 18 89 90 10 11 4 8 26 18 90 10 12 4 8 26 14 92 10 11 4 8 26 14 90 10 12 4 8 26 15 94 10 11 4 8 26 17 91 10 11 4 8 26 16 92 10 12 4 8 26 18 90 10 11 4 8 26 14 92 10 12 4 8 26 15 89 92 10 11 4 8 26 15 93 10 12 4 8 26 14 91 10 11 4 8 26 16 91 10 11 4 8 26 18 92 10
0 2 6 25 5 6 47 5 6 72 5 6 62 1 7 51 95 95 95 95 95 95 95 95 95 95 95 95 95 95 95 95 95 95 95 95 95 95 95 95 95 95 95 95 95 95 95 95 95 95 95 95 95 95 95 95 95 95 95 95 95 95 95 95 95 95 95 95 95 95 95 95 95 95 95 95 95 95 95 95 95 95 95 95 95 95 95 95 95 95 95 95 95 95 95 95 95 95 95 95 95 95 95 95 95 95 95 95 95 95 95 95 95 95 95 95 95 95 95 95 95 95 95 95 95 95 95 95 95 95 95 95 95 95 95
0 2 6 72 5 6 29 1 7 82 95 95 95 95 95 95 95 95 95 95 95 95 95 95 95 95 95 95 95 95 95 95 95 95 95 95 95 95 95 95 95 95 95 95 95 95 95 95 95 95 95 95 95 95 95 95 95 95 95 95 95 95 95 95 95 95 95 95 95 95 95 95 95 95 95 95 95 95 95 95 95 95 95 95 95 95 95 95 95 95 95 95 95 95 95 95 95 95 95 95 95 95 95 95 95 95 95 95 95 95 95 95 95 95 95 95 95 95 95 95 95 95 95 95 95 95 95 95 95 95 95 95 95 95 95
0 2 6 53 5 6 47 5 6 29 5 6 25 5 6 62 5 6 39 5 6 20 1 7 71 3 4 8 33 18 92 10 11 4 8 51 14 92 10 11 4 8 55 16 89 91 10 11 4 8 57 13 90 10 11 4 8 71 13 94 10 12 4 8 52 17 91 10 12 4 8 61 16 93 10 12 4 8 51 13 94 10 11 4 8 34 13 90 10 11 4 8 58 15 94 10 12 4 8 44 16 91 10 11 4 8 23 16 90 10 12 4 8 58 15 93 10 12 4 8 61 13 92 10 12 4 8 70 16 90 10 11 4 8 28
0 2 6 25 1 7 27 5 7 19 5 7 26 3 4 8 26 13 94 10 11 4 8 28 14 91 10 11 4 8 26 18 90 10 11 4 8 26 18 94 10 12 4 8 26 13 91 10 11 4 8 26 13 94 10 11 4 8 26 13 94 10 11 4 8 27 13 91 10 11 4 8 26 17 91 10 12 4 8 26 18 91 10 11 4 8 26 17 91 10 12 4 8 28 16 91 10 12 4 8 27 17 93 10 11 4 8 28 17 94 10 11 4 8 26 17 91 10 12 4 8 28 16 90 10 11 4 8 26 18 89 91 10 11 4
0 2 6 53 1 7 19 3 4 8 55 16 92 10 12 4 8 55 14 94 10 11 4 8 55 16 89 90 10 11 4 8 54 16 94 10 11 4 8 61 14 92 10 11 4 8 55 14 90 10 12 4 8 57 18 92 10 12 4 8 60 18 91 10 12 4 8 58 14 90 10 12 4 8 58 16 89 90 10 11 4 8 60 16 90 10 11 4 8 61 13 92 10 11 4 8 57 14 92 10 11 4 8 58 13 89 92 10 12 4 8 55 18 90 10 12 4 8 61 15 93 10 12 4 8 55 18 94 10 12 4 8 55 16 91
0 2 6 72 5 6 25 1 7 79 95 95 95 95 95 95 95 95 95 95 95 95 95 95 95 95 95 95 95 95 95 95 95 95 95 95 95 95 95 95 95 95 95 95 95 95 95 95 95 95 95 95 95 95 95 95 95 95 95 95 95 95 95 95 95 95 95 95 95 95 95 95 95 95 95 95 95 95 95 95 95 95 95 95 95 95 95 95 95 95 95 95 95 95 95 95 95 95 95 95 95 95 95 95 95 95 95 95 95 95 95 95 95 95 95 95 95 95 95 95 95 95 95 95 95 95 95 95 95 95 95 95 95 95 95
0 2 6 72 5 6 20 5 6 25 1 7 74 3 4 8 82 14 94 10 11 4 8 87 14 93 10 11 4 8 75 17 91 10 12 4 8 21 17 94 10 11 4 8 26 17 89 90 10 11 4 8 23 18 89 92 10 12 4 8 81 18 94 10 12 4 8 74 16 91 10 12 4 8 73 13 94 10 12 4 8 88 13 90 10 11 4 8 76 18 92 10 12 4 8 26 17 91 10 11 4 8 88 16 89 92 10 11 4 8 84 16 90 10 11 4 8 81 13 94 10 11 4 8 73 16 91 10 11 4 8 78 13 94 10
0 2 6 25 1 7 26 3 4 8 26 14 92 10 11 4 8 26 18 89 92 10 11 4 8 26 13 94 10 11 4 8 27 17 90 10 11 4 8 26 16 91 10 12 4 8 26 16 94 10 12 4 8 26 18 92 10 11 4 8 26 17 94 10 11 4 8 26 15 89 90 10 12 4 8 26 13 89 90 10 11 4 8 27 17 94 10 12 4 8 26 14 92 10 12 4 8 26 16 92 10 12 4 8 26 14 90 10 12 4 8 26 18 89 90 10 11 4 8 26 18 92 10 11 4 8 28 15 94 10 11 4 8 26 17
0 2 6 20 5 6 47 1 7 24 5 7 48 95 95 95 95 95 95 95 95 95 95 95 95 95 95 95 95 95 95 95 95 95 95 95 95 95 95 95 95 95 95 95 95 95 95 95 95 95 95 95 95 95 95 95 95 95 95 95 95 95 95 95 95 95 95 95 95 95 95 95 95 95 95 95 95 95 95 95 95 95 95 95 95 95 95 95 95 95 95 95 95 95 95 95 95 95 95 95 95 95 95 95 95 95 95 95 95 95 95 95 95 95 95 95 95 95 95 95 95 95 95 95 95 95 95 95 95 95 95 95 95 95 95
0 2 6 25 1 7 26 95 95 95 95 95 95 95 95 95 95 95 95 95 95 95 95 95 95 95 95 95 95 95 95 95 95 95 95 95 95 95 95 95 95 95 95 95 95 95 95 95 95 95 95 95 95 95 95 95 95 95 95 95 95 95 95 95 95 95 95 95 95 95 95 95 95 95 95 95 95 95 95 95 95 95 95 95 95 95 95 95 95 95 95 95 95 95 95 95 95 95 95 95 95 95 95 95 95 95 95 95 95 95 95 95 95 95 95 95 95 95 95 95 95 95 95 95 95 95 95 95 95 95 95 95 95 95 95
0 2 6 72 5 6 25 5 6 29 1 7 19 95 95 95 95 95 95 95 95 95 95 95 95 95 95 95 95 95 95 95 95 95 95 95 95 95 95 95 95 95 95 95 95 95 95 95 95 95 95 95 95 95 95 95 95 95 95 95 95 95 95 95 95 95 95 95 95 95 95 95 95 95 95 95 95 95 95 95 95 95 95 95 95 95 95 95 95 95 95 95 95 95 95 95 95 95 95 95 95 95 95 95 95 95 95 95 95 95 95 95 95 95 95 95 95 95 95 95 95 95 95 95 95 95 95 95 95 95 95 95 95 95 95
0 2 6 20 5 6 25 5 6 72 5 6 62 1 7 85 3 4 8 81 13 91 10 12 4 8 85 13 94 10 12 4 8 68 16 91 10 11 4 8 78 16 94 10 12 4 8 88 13 94 10 12 4 8 74 17 93 10 11 4 8 23 17 94 10 12 4 8 75 13 90 10 11 4 8 87 14 93 10 11 4 8 28 16 91 10 11 4 8 88 13 94 10 11 4 8 21 17 91 10 12 4 8 63 16 93 10 11 4 8 24 13 94 10 12 4 8 75 15 89 93 10 11 4 8 74 13 94 10 12 4 8 75 17 94
0 2 6 25 5 6 72 1 7 84 3 4 8 73 15 92 10 11 4 8 74 16 93 10 12 4 8 26 18 89 90 10 11 4 8 78 16 93 10 11 4 8 75 17 91 10 11 4 8 85 15 93 10 12 4 8 87 18 89 90 10 12 4 8 81 16 91 10 11 4 8 74 14 90 10 11 4 8 86 18 91 10 12 4 8 74 14 92 10 12 4 8 74 16 89 92 10 12 4 8 79 16 91 10 12 4 8 26 15 92 10 11 4 8 76 16 92 10 11 4 8 79 16 91 10 11 4 8 26 16 91 10 11 4 8
0 2 6 20 1 7 22 5 7 24 95 95 95 95 95 95 95 95 95 95 95 95 95 95 95 95 95 95 95 95 95 95 95 95 95 95 95 95 95 95 95 95 95 95 95 95 95 95 95 95 95 95 95 95 95 95 95 95 95 95 95 95 95 95 95 95 95 95 95 95 95 95 95 95 95 95 95 95 95 95 95 95 95 95 95 95 95 95 95 95 95 95 95 95 95 95 95 95 95 95 95 95 95 95 95 95 95 95 95 95 95 95 95 95 95 95 95 95 95 95 95 95 95 95 95 95 95 95 95 95 95 95 95 95 95
0 2 6 72 5 6 47 1 7 49 5 7 86 95 95 95 95 95 95 95 95 95 95 95 95 95 95 95 95 95 95 95 95 95 95 95 95 95 95 95 95 95 95 95 95 95 95 95 95 95 95 95 95 95 95 95 95 95 95 95 95 95 95 95 95 95 95 95 95 95 95 95 95 95 95 95 95 95 95 95 95 95 95 95 95 95 95 95 95 95 95 95 95 95 95 95 95 95 95 95 95 95 95 95 95 95 95 95 95 95 95 95 95 95 95 95 95 95 95 95 95 95 95 95 95 95 95 95 95 95 95 95 95 95 95
0 2 6 20 5 6 29 1 7 34 3 4 8 21 13 94 10 12 4 8 23 17 91 10 12 4 8 23 14 90 10 12 4 8 34 14 92 10 11 4 8 32 14 92 10 12 4 8 21 13 94 10 12 4 8 22 16 91 10 11 4 8 33 13 90 10 11 4 8 21 18 94 10 11 4 8 35 15 94 10 12 4 8 34 14 94 10 11 4 8 38 14 89 90 10 11 4 8 36 16 90 10 11 4 8 38 16 91 10 11 4 8 33 18 93 10 12 4 8 36 14 90 10 12 4 8 35 16 90 10 11 4 8 35 13
0 2 6 72 1 7 84 5 7 78 5 7 79 3 4 8 86 18 92 10 12 4 8 87 18 91 10 11 4 8 87 15 92 10 12 4 8 78 14 89 90 10 12 4 8 86 18 89 92 10 11 4 8 80 17 91 10 12 4 8 81 16 93 10 11 4 8 75 17 91 10 11 4 8 83 15 92 10 12 4 8 74 14 92 10 11 4 8 80 18 89 91 10 11 4 8 87 15 93 10 12 4 8 80 18 92 10 11 4 8 84 16 91 10 12 4 8 76 14 92 10 12 4 8 80 17 93 10 11 4 8 87 14 93 10
0 2 6 72 5 6 62 5 6 20 5 6 29 1 7 19 5 7 88 5 7 64 3 4 8 74 16 94 10 12 4 8 73 16 91 10 12 4 8 79 14 90 10 12 4 8 22 15 92 10 12 4 8 21 14 92 10 11 4 8 73 18 94 10 11 4 8 63 16 91 10 12 4 8 81 16 90 10 11 4 8 33 13 94 10 11 4 8 74 14 93 10 12 4 8 88 16 91 10 11 4 8 87 16 91 10 11 4 8 73 16 91 10 11 4 8 88 15 94 10 12 4 8 87 14 89 93 10 11 4 8 79 17 93 10
0 2 6 20 5 6 25 5 6 62 5 6 72 5 6 39 5 6 47 5 6 53 5 6 29 1 7 26 3 4 8 60 17 91 10 11 4 8 35 17 92 10 11 4 8 71 16 91 10 12 4 8 80 18 91 10 11 4 8 87 16 91 10 11 4 8 30 18 94 10 11 4 8 71 13 94 10 12 4 8 74 13 92 10 12 4 8 37 14 90 10 11 4 8 83 16 90 10 12 4 8 44 18 92 10 12 4 8 35 16 92 10 11 4 8 65 18 94 10 12 4 8 81 16 90 10 11 4 8 78 16 91 10 12 4
0 2 6 72 1 7 78 95 95 95 95 95 95 95 95 95 95 95 95 95 95 95 95 95 95 95 95 95 95 95 95 95 95 95 95 95 95 95 95 95 95 95 95 95 95 95 95 95 95 95 95 95 95 95 95 95 95 95 95 95 95 95 95 95 95 95 95 95 95 95 95 95 95 95 95 95 95 95 95 95 95 95 95 95 95 95 95 95 95 95 95 95 95 95 95 95 95 95 95 95 95 95 95 95 95 95 95 95 95 95 95 95 95 95 95 95 95 95 95 95 95 95 95 95 95 95 95 95 95 95 95 95 95 95 95
0 2 6 62 5 6 20 1 7 65 3 4 8 70 17 91 10 11 4 8 63 13 92 10 11 4 8 68 13 94 10 12 4 8 71 13 92 10 12 4 8 63 15 91 10 11 4 8 71 14 92 10 11 4 8 71 13 94 10 12 4 8 64 17 90 10 12 4 8 21 13 92 10 12 4 8 67 18 90 10 12 4 8 66 17 91 10 11 4 8 71 15 91 10 12 4 8 63 18 90 10 12 4 8 63 16 90 10 12 4 8 22 13 90 10 11 4 8 21 16 91 10 12 4 8 70 16 91 10 12 4 8 64 18 89
0 2 6 62 5 6 20 1 7 70 95 95 95 95 95 95 95 95 95 95 95 95 95 95 95 95 95 95 95 95 95 95 95 95 95 95 95 95 95 95 95 95 95 95 95 95 95 95 95 95 95 95 95 95 95 95 95 95 95 95 95 95 95 95 95 95 95 95 95 95 95 95 95 95 95 95 95 95 95 95 95 95 95 95 95 95 95 95 95 95 95 95 95 95 95 95 95 95 95 95 95 95 95 95 95 95 95 95 95 95 95 95 95 95 95 95 95 95 95 95 95 95 95 95 95 95 95 95 95 95 95 95 95 95 95
0 2 6 20 1 7 24 95 95 95 95 95 95 95 95 95 95 95 95 95 95 95 95 95 95 95 95 95 95 95 95 95 95 95 95 95 95 95 95 95 95 95 95 95 95 95 95 95 95 95 95 95 95 95 95 95 95 95 95 95 95 95 95 95 95 95 95 95 95 95 95 95 95 95 95 95 95 95 95 95 95 95 95 95 95 95 95 95 95 95 95 95 95 95 95 95 95 95 95 95 95 95 95 95 95 95 95 95 95 95 95 95 95 95 95 95 95 95 95 95 95 95 95 95 95 95 95 95 95 95 95 95 95 95 95
0 2 6 20 5 6 29 5 6 62 1 7 70 3 4 8 70 15 94 10 12 4 8 70 15 92 10 12 4 8 67 13 92 10 12 4 8 65 17 93 10 11 4 8 21 17 90 10 11 4 8 68 14 94 10 11 4 8 68 14 93 10 11 4 8 67 17 93 10 11 4 8 22 15 89 92 10 12 4 8 35 16 90 10 11 4 8 63 13 94 10 11 4 8 33 18 89 90 10 11 4 8 37 14 92 10 11 4 8 68 15 91 10 12 4 8 68 13 94 10 11 4 8 35 13 94 10 11 4 8 31 17 91 10 12
0 2 6 39 5 6 29 5 6 72 1 7 35 5 7 88 95 95 95 95 95 95 95 95 95 95 95 95 95 95 95 95 95 95 95 95 95 95 95 95 95 95 95 95 95 95 95 95 95 95 95 95 95 95 95 95 95 95 95 95 95 95 95 95 95 95 95 95 95 95 95 95 95 95 95 95 95 95 95 95 95 95 95 95 95 95 95 95 95 95 95 95 95 95 95 95 95 95 95 95 95 95 95 95 95 95 95 95 95 95 95 95 95 95 95 95 95 95 95 95 95 95 95 95 95 95 95 95 95 95 95 95 95 95 95
0 2 6 72 5 6 62 1 7 83 95 95 95 95 95 95 95 95 95 95 95 95 95 95 95 95 95 95 95 95 95 95 95 95 95 95 95 95 95 95 95 95 95 95 95 95 95 95 95 95 95 95 95 95 95 95 95 95 95 95 95 95 95 95 95 95 95 95 95 95 95 95 95 95 95 95 95 95 95 95 95 95 95 95 95 95 95 95 95 95 95 95 95 95 95 95 95 95 95 95 95 95 95 95 95 95 95 95 95 95 95 95 95 95 95 95 95 95 95 95 95 95 95 95 95 95 95 95 95 95 95 95 95 95 95
0 2 6 20 5 6 72 1 7 84 3 4 8 88 17 91 10 11 4 8 75 15 89 94 10 12 4 8 22 16 94 10 12 4 8 79 15 91 10 11 4 8 74 17 93 10 12 4 8 74 17 93 10 11 4 8 82 15 90 10 11 4 8 85 16 94 10 11 4 8 74 14 90 10 12 4 8 74 17 94 10 12 4 8 77 17 92 10 11 4 8 88 15 89 90 10 11 4 8 74 16 90 10 11 4 8 84 17 92 10 12 4 8 21 16 90 10 11 4 8 22 16 90 10 11 4 8 74 13 94 10 12 4 8 77
0 2 6 72 5 6 47 1 7 88 5 7 88 95 95 95 95 95 95 95 95 95 95 95 95 95 95 95 95 95 95 95 95 95 95 95 95 95 95 95 95 95 95 95 95 95 95 95 95 95 95 95 95 95 95 95 95 95 95 95 95 95 95 95 95 95 95 95 95 95 95 95 95 95 95 95 95 95 95 95 95 95 95 95 95 95 95 95 95 95 95 95 95 95 95 95 95 95 95 95 95 95 95 95 95 95 95 95 95 95 95 95 95 95 95 95 95 95 95 95 95 95 95 95 95 95 95 95 95 95 95 95 95 95 95
0 2 6 72 5 6 25 5 6 20 5 6 62 5 6 47 1 7 48 95 95 95 95 95 95 95 95 95 95 95 95 95 95 95 95 95 95 95 95 95 95 95 95 95 95 95 95 95 95 95 95 95 95 95 95 95 95 95 95 95 95 95 95 95 95 95 95 95 95 95 95 95 95 95 95 95 95 95 95 95 95 95 95 95 95 95 95 95 95 95 95 95 95 95 95 95 95 95 95 95 95 95 95 95 95 95 95 95 95 95 95 95 95 95 95 95 95 95 95 95 95 95 95 95 95 95 95 95 95 95 95 95 95 95 95
0 2 6 72 1 7 74 3 4 8 80 18 89 90 10 11 4 8 80 16 94 10 12 4 8 81 16 92 10 11 4 8 87 15 94 10 11 4 8 87 18 89 90 10 12 4 8 84 14 90 10 12 4 8 81 13 93 10 11 4 8 87 14 89 90 10 11 4 8 75 15 93 10 11 4 8 75 16 91 10 11 4 8 75 17 92 10 11 4 8 84 15 93 10 11 4 8 73 15 93 10 11 4 8 73 15 94 10 11 4 8 73 16 90 10 12 4 8 73 16 90 10 11 4 8 76 14 92 10 11 4 8 87 16 91
0 2 6 25 1 7 28 95 95 95 95 95 95 95 95 95 95 95 95 95 95 95 95 95 95 95 95 95 95 95 95 95 95 95 95 95 95 95 95 95 95 95 95 95 95 95 95 95 95 95 95 95 95 95 95 95 95 95 95 95 95 95 95 95 95 95 95 95 95 95 95 95 95 95 95 95 95 95 95 95 95 95 95 95 95 95 95 95 95 95 95 95 95 95 95 95 95 95 95 95 95 95 95 95 95 95 95 95 95 95 95 95 95 95 95 95 95 95 95 95 95 95 95 95 95 95 95 95 95 95 95 95 95 95 95
0 2 6 29 5 6 47 1 7 50 5 7 52 95 95 95 95 95 95 95 95 95 95 95 95 95 95 95 95 95 95 95 95 95 95 95 95 95 95 95 95 95 95 95 95 95 95 95 95 95 95 95 95 95 95 95 95 95 95 95 95 95 95 95 95 95 95 95 95 95 95 95 95 95 95 95 95 95 95 95 95 95 95 95 95 95 95 95 95 95 95 95 95 95 95 95 95 95 95 95 95 95 95 95 95 95 95 95 95 95 95 95 95 95 95 95 95 95 95 95 95 95 95 95 95 95 95 95 95 95 95 95 95 95 95
0 2 6 72 5 6 25 5 6 29 5 6 20 1 7 36 3 4 8 33 18 93 10 12 4 8 83 14 93 10 12 4 8 32 14 92 10 11 4 8 76 18 94 10 11 4 8 75 14 94 10 12 4 8 79 14 92 10 12 4 8 75 18 91 10 11 4 8 77 14 90 10 11 4 8 26 15 90 10 11 4 8 21 17 94 10 11 4 8 81 14 90 10 11 4 8 26 14 92 10 11 4 8 35 14 90 10 11 4 8 87 14 89 92 10 11 4 8 81 15 92 10 11 4 8 23 14 93 10 11 4 8 21 14 92
0 2 6 47 1 7 51 3 4 8 52 17 94 10 12 4 8 48 14 90 10 11 4 8 50 16 94 10 11 4 8 52 14 90 10 12 4 8 49 13 94 10 11 4 8 49 13 94 10 12 4 8 52 15 92 10 11 4 8 48 16 90 10 11 4 8 48 16 94 10 11 4 8 50 16 90 10 12 4 8 52 14 92 10 11 4 8 48 13 94 10 11 4 8 49 15 92 10 12 4 8 50 16 91 10 12 4 8 48 16 93 10 11 4 8 50 17 92 10 12 4 8 49 17 93 10 12 4 8 50 14 89 90 10 12
0 2 6 20 5 6 39 1 7 44 5 7 22 95 95 95 95 95 95 95 95 95 95 95 95 95 95 95 95 95 95 95 95 95 95 95 95 95 95 95 95 95 95 95 95 95 95 95 95 95 95 95 95 95 95 95 95 95 95 95 95 95 95 95 95 95 95 95 95 95 95 95 95 95 95 95 95 95 95 95 95 95 95 95 95 95 95 95 95 95 95 95 95 95 95 95 95 95 95 95 95 95 95 95 95 95 95 95 95 95 95 95 95 95 95 95 95 95 95 95 95 95 95 95 95 95 95 95 95 95 95 95 95 95 95
0 2 6 72 5 6 20 1 7 87 3 4 8 73 17 91 10 12 4 8 79 13 94 10 12 4 8 23 17 94 10 12 4 8 75 16 89 90 10 12 4 8 73 15 94 10 12 4 8 21 13 94 10 12 4 8 21 14 90 10 11 4 8 75 15 91 10 12 4 8 87 15 94 10 11 4 8 84 18 91 10 11 4 8 74 13 91 10 11 4 8 78 14 89 92 10 12 4 8 81 16 89 90 10 12 4 8 73 15 94 10 12 4 8 87 14 92 10 11 4 8 22 13 92 10 12 4 8 73 13 91 10 11 4 8
0 2 6 72 5 6 29 5 6 25 1 7 82 95 95 95 95 95 95 95 95 95 95 95 95 95 95 95 95 95 95 95 95 95 95 95 95 95 95 95 95 95 95 95 95 95 95 95 95 95 95 95 95 95 95 95 95 95 95 95 95 95 95 95 95 95 95 95 95 95 95 95 95 95 95 95 95 95 95 95 95 95 95 95 95 95 95 95 95 95 95 95 95 95 95 95 95 95 95 95 95 95 95 95 95 95 95 95 95 95 95 95 95 95 95 95 95 95 95 95 95 95 95 95 95 95 95 95 95 95 95 95 95 95 95
0 2 6 62 5 6 72 5 6 20 1 7 67 95 95 95 95 95 95 95 95 95 95 95 95 95 95 95 95 95 95 95 95 95 95 95 95 95 95 95 95 95 95 95 95 95 95 95 95 95 95 95 95 95 95 95 95 95 95 95 95 95 95 95 95 95 95 95 95 95 95 95 95 95 95 95 95 95 95 95 95 95 95 95 95 95 95 95 95 95 95 95 95 95 95 95 95 95 95 95 95 95 95 95 95 95 95 95 95 95 95 95 95 95 95 95 95 95 95 95 95 95 95 95 95 95 95 95 95 95 95 95 95 95 95
0 2 6 72 1 7 82 95 95 95 95 95 95 95 95 95 95 95 95 95 95 95 95 95 95 95 95 95 95 95 95 95 95 95 95 95 95 95 95 95 95 95 95 95 95 95 95 95 95 95 95 95 95 95 95 95 95 95 95 95 95 95 95 95 95 95 95 95 95 95 95 95 95 95 95 95 95 95 95 95 95 95 95 95 95 95 95 95 95 95 95 95 95 95 95 95 95 95 95 95 95 95 95 95 95 95 95 95 95 95 95 95 95 95 95 95 95 95 95 95 95 95 95 95 95 95 95 95 95 95 95 95 95 95 95
0 2 6 25 5 6 29 1 7 30 95 95 95 95 95 95 95 95 95 95 95 95 95 95 95 95 95 95 95 95 95 95 95 95 95 95 95 95 95 95 95 95 95 95 95 95 95 95 95 95 95 95 95 95 95 95 95 95 95 95 95 95 95 95 95 95 95 95 95 95 95 95 95 95 95 95 95 95 95 95 95 95 95 95 95 95 95 95 95 95 95 95 95 95 95 95 95 95 95 95 95 95 95 95 95 95 95 95 95 95 95 95 95 95 95 95 95 95 95 95 95 95 95 95 95 95 95 95 95 95 95 95 95 95 95
0 2 6 62 1 7 70 3 4 8 71 14 90 10 11 4 8 68 13 94 10 11 4 8 71 13 94 10 12 4 8 66 18 92 10 11 4 8 70 15 92 10 11 4 8 64 14 94 10 12 4 8 71 13 90 10 11 4 8 69 16 91 10 11 4 8 68 17 93 10 12 4 8 71 17 94 10 12 4 8 69 16 90 10 11 4 8 67 18 92 10 11 4 8 66 18 91 10 11 4 8 63 14 89 90 10 11 4 8 68 17 91 10 11 4 8 63 16 93 10 11 4 8 69 17 91 10 12 4 8 66 18 92 10 12
0 2 6 20 5 6 29 1 7 21 95 95 95 95 95 95 95 95 95 95 95 95 95 95 95 95 95 95 95 95 95 95 95 95 95 95 95 95 95 95 95 95 95 95 95 95 95 95 95 95 95 95 95 95 95 95 95 95 95 95 95 95 95 95 95 95 95 95 95 95 95 95 95 95 95 95 95 95 95 95 95 95 95 95 95 95 95 95 95 95 95 95 95 95 95 95 95 95 95 95 95 95 95 95 95 95 95 95 95 95 95 95 95 95 95 95 95 95 95 95 95 95 95 95 95 95 95 95 95 95 95 95 95 95 95
0 2 6 20 5 6 39 5 6 53 1 7 60 3 4 8 21 14 89 90 10 11 4 8 40 14 90 10 11 4 8 56 18 89 94 10 11 4 8 57 18 89 90 10 11 4 8 56 15 89 92 10 12 4 8 43 18 89 90 10 12 4 8 55 17 91 10 12 4 8 24 18 92 10 11 4 8 23 16 92 10 12 4 8 55 14 92 10 11 4 8 55 16 90 10 11 4 8 58 18 92 10 12 4 8 41 16 90 10 12 4 8 57 17 89 92 10 12 4 8 60 16 91 10 11 4 8 61 13 94 10 11 4 8 55
0 2 6 62 1 7 67 95 95 95 95 95 95 95 95 95 95 95 95 95 95 95 95 95 95 95 95 95 95 95 95 95 95 95 95 95 95 95 95 95 95 95 95 95 95 95 95 95 95 95 95 95 95 95 95 95 95 95 95 95 95 95 95 95 95 95 95 95 95 95 95 95 95 95 95 95 95 95 95 95 95 95 95 95 95 95 95 95 95 95 95 95 95 95 95 95 95 95 95 95 95 95 95 95 95 95 95 95 95 95 95 95 95 95 95 95 95 95 95 95 95 95 95 95 95 95 95 95 95 95 95 95 95 95 95
0 2 6 47 5 6 20 1 7 50 5 7 48 3 4 8 49 13 94 10 12 4 8 23 13 94 10 11 4 8 50 17 94 10 11 4 8 49 18 92 10 12 4 8 49 15 94 10 11 4 8 50 15 93 10 12 4 8 52 18 92 10 12 4 8 49 15 94 10 11 4 8 50 17 91 10 12 4 8 52 18 91 10 12 4 8 52 17 91 10 11 4 8 52 13 94 10 11 4 8 21 17 91 10 12 4 8 21 14 92 10 12 4 8 51 13 92 10 11 4 8 51 13 94 10 12 4 8 49 18 89 94 10 11 4
0 2 6 20 5 6 62 5 6 72 1 7 88 95 95 95 95 95 95 95 95 95 95 95 95 95 95 95 95 95 95 95 95 95 95 95 95 95 95 95 95 95 95 95 95 95 95 95 95 95 95 95 95 95 95 95 95 95 95 95 95 95 95 95 95 95 95 95 95 95 95 95 95 95 95 95 95 95 95 95 95 95 95 95 95 95 95 95 95 95 95 95 95 95 95 95 95 95 95 95 95 95 95 95 95 95 95 95 95 95 95 95 95 95 95 95 95 95 95 95 95 95 95 95 95 95 95 95 95 95 95 95 95 95 95
0 2 6 20 1 7 24 3 4 8 22 18 89 90 10 12 4 8 22 16 94 10 11 4 8 22 17 94 10 11 4 8 24 16 92 10 11 4 8 23 16 93 10 11 4 8 22 18 93 10 11 4 8 21 14 92 10 12 4 8 24 18 92 10 11 4 8 21 17 94 10 11 4 8 23 18 89 94 10 11 4 8 22 16 90 10 12 4 8 21 17 91 10 12 4 8 21 16 90 10 12 4 8 22 16 93 10 11 4 8 21 17 93 10 12 4 8 23 18 89 94 10 11 4 8 21 14 92 10 11 4 8 22 16 90
0 2 6 62 5 6 25 1 7 67 5 7 27 3 4 8 66 18 89 90 10 11 4 8 71 14 90 10 11 4 8 63 18 92 10 11 4 8 28 14 92 10 11 4 8 71 16 92 10 12 4 8 67 16 94 10 11 4 8 66 17 91 10 11 4 8 67 16 92 10 12 4 8 71 14 92 10 12 4 8 26 14 89 91 10 11 4 8 28 16 91 10 12 4 8 63 15 92 10 12 4 8 67 18 93 10 11 4 8 26 18 91 10 12 4 8 63 13 93 10 11 4 8 27 14 90 10 12 4 8 26 15 94 10 11
0 2 6 25 5 6 62 1 7 19 5 7 67 5 7 19 5 7 67 95 95 95 95 95 95 95 95 95 95 95 95 95 95 95 95 95 95 95 95 95 95 95 95 95 95 95 95 95 95 95 95 95 95 95 95 95 95 95 95 95 95 95 95 95 95 95 95 95 95 95 95 95 95 95 95 95 95 95 95 95 95 95 95 95 95 95 95 95 95 95 95 95 95 95 95 95 95 95 95 95 95 95 95 95 95 95 95 95 95 95 95 95 95 95 95 95 95 95 95 95 95 95 95 95 95 95 95 95 95 95 95 95 95 95 95
0 2 6 29 1 7 35 5 7 34 3 4 8 33 17 94 10 12 4 8 30 13 89 94 10 12 4 8 35 18 89 90 10 11 4 8 36 15 92 10 11 4 8 38 18 90 10 11 4 8 38 13 94 10 12 4 8 36 16 90 10 11 4 8 30 18 89 90 10 11 4 8 33 14 90 10 11 4 8 30 18 89 90 10 11 4 8 32 18 92 10 11 4 8 30 18 89 90 10 11 4 8 34 17 90 10 11 4 8 33 15 94 10 11 4 8 31 16 91 10 11 4 8 30 18 89 93 10 11 4 8 33 15 90 10
0 2 6 53 5 6 62 5 6 20 1 7 56 95 95 95 95 95 95 95 95 95 95 95 95 95 95 95 95 95 95 95 95 95 95 95 95 95 95 95 95 95 95 95 95 95 95 95 95 95 95 95 95 95 95 95 95 95 95 95 95 95 95 95 95 95 95 95 95 95 95 95 95 95 95 95 95 95 95 95 95 95 95 95 95 95 95 95 95 95 95 95 95 95 95 95 95 95 95 95 95 95 95 95 95 95 95 95 95 95 95 95 95 95 95 95 95 95 95 95 95 95 95 95 95 95 95 95 95 95 95 95 95 95 95
0 2 6 25 5 6 72 5 6 29 5 6 47 5 6 62 5 6 20 5 6 39 5 6 53 1 7 33 3 4 8 58 13 94 10 12 4 8 26 15 94 10 12 4 8 76 18 91 10 11 4 8 33 18 92 10 11 4 8 51 16 90 10 11 4 8 38 13 94 10 12 4 8 33 16 90 10 12 4 8 49 14 92 10 12 4 8 69 16 90 10 11 4 8 50 17 91 10 11 4 8 73 16 90 10 12 4 8 79 18 93 10 11 4 8 55 15 92 10 11 4 8 48 13 94 10 12 4 8 50 16 90 10 11 4
0 2 6 72 5 6 62 5 6 29 5 6 47 1 7 48 5 7 19 5 7 52 3 4 8 75 13 94 10 11 4 8 68 13 89 90 10 12 4 8 63 15 92 10 11 4 8 79 14 90 10 11 4 8 48 18 92 10 11 4 8 64 17 91 10 12 4 8 74 17 93 10 11 4 8 30 14 94 10 12 4 8 74 16 90 10 11 4 8 74 18 94 10 11 4 8 33 15 92 10 11 4 8 36 14 90 10 12 4 8 78 14 93 10 12 4 8 33 17 91 10 12 4 8 51 13 94 10 11 4 8 81 17 91 10
0 2 6 72 5 6 20 1 7 73 95 95 95 95 95 95 95 95 95 95 95 95 95 95 95 95 95 95 95 95 95 95 95 95 95 95 95 95 95 95 95 95 95 95 95 95 95 95 95 95 95 95 95 95 95 95 95 95 95 95 95 95 95 95 95 95 95 95 95 95 95 95 95 95 95 95 95 95 95 95 95 95 95 95 95 95 95 95 95 95 95 95 95 95 95 95 95 95 95 95 95 95 95 95 95 95 95 95 95 95 95 95 95 95 95 95 95 95 95 95 95 95 95 95 95 95 95 95 95 95 95 95 95 95 95
0 2 6 20 1 7 24 95 95 95 95 95 95 95 95 95 95 95 95 95 95 95 95 95 95 95 95 95 95 95 95 95 95 95 95 95 95 95 95 95 95 95 95 95 95 95 95 95 95 95 95 95 95 95 95 95 95 95 95 95 95 95 95 95 95 95 95 95 95 95 95 95 95 95 95 95 95 95 95 95 95 95 95 95 95 95 95 95 95 95 95 95 95 95 95 95 95 95 95 95 95 95 95 95 95 95 95 95 95 95 95 95 95 95 95 95 95 95 95 95 95 95 95 95 95 95 95 95 95 95 95 95 95 95 95
0 2 6 72 5 6 29 5 6 20 1 7 87 3 4 8 22 15 92 10 12 4 8 30 13 94 10 11 4 8 22 15 90 10 12 4 8 82 17 89 92 10 11 4 8 73 15 89 90 10 12 4 8 24 18 94 10 11 4 8 84 13 94 10 11 4 8 82 16 92 10 12 4 8 36 14 90 10 11 4 8 73 15 93 10 11 4 8 75 15 89 92 10 12 4 8 33 18 92 10 12 4 8 77 13 92 10 11 4 8 30 13 91 10 12 4 8 21 13 94 10 12 4 8 87 13 94 10 12 4 8 84 16 90 10
0 2 6 20 1 7 22 5 7 24 95 95 95 95 95 95 95 95 95 95 95 95 95 95 95 95 95 95 95 95 95 95 95 95 95 95 95 95 95 95 95 95 95 95 95 95 95 95 95 95 95 95 95 95 95 95 95 95 95 95 95 95 95 95 95 95 95 95 95 95 95 95 95 95 95 95 95 95 95 95 95 95 95 95 95 95 95 95 95 95 95 95 95 95 95 95 95 95 95 95 95 95 95 95 95 95 95 95 95 95 95 95 95 95 95 95 95 95 95 95 95 95 95 95 95 95 95 95 95 95 95 95 95 95 95
0 2 6 72 1 7 82 95 95 95 95 95 95 95 95 95 95 95 95 95 95 95 95 95 95 95 95 95 95 95 95 95 95 95 95 95 95 95 95 95 95 95 95 95 95 95 95 95 95 95 95 95 95 95 95 95 95 95 95 95 95 95 95 95 95 95 95 95 95 95 95 95 95 95 95 95 95 95 95 95 95 95 95 95 95 95 95 95 95 95 95 95 95 95 95 95 95 95 95 95 95 95 95 95 95 95 95 95 95 95 95 95 95 95 95 95 95 95 95 95 95 95 95 95 95 95 95 95 95 95 95 95 95 95 95
0 2 6 62 5 6 20 5 6 25 5 6 39 5 6 72 1 7 84 95 95 95 95 95 95 95 95 95 95 95 95 95 95 95 95 95 95 95 95 95 95 95 95 95 95 95 95 95 95 95 95 95 95 95 95 95 95 95 95 95 95 95 95 95 95 95 95 95 95 95 95 95 95 95 95 95 95 95 95 95 95 95 95 95 95 95 95 95 95 95 95 95 95 95 95 95 95 95 95 95 95 95 95 95 95 95 95 95 95 95 95 95 95 95 95 95 95 95 95 95 95 95 95 95 95 95 95 95 95 95 95 95 95 95 95
0 2 6 72 1 7 88 95 95 95 95 95 95 95 95 95 95 95 95 95 95 95 95 95 95 95 95 95 95 95 95 95 95 95 95 95 95 95 95 95 95 95 95 95 95 95 95 95 95 95 95 95 95 95 95 95 95 95 95 95 95 95 95 95 95 95 95 95 95 95 95 95 95 95 95 95 95 95 95 95 95 95 95 95 95 95 95 95 95 95 95 95 95 95 95 95 95 95 95 95 95 95 95 95 95 95 95 95 95 95 95 95 95 95 95 95 95 95 95 95 95 95 95 95 95 95 95 95 95 95 95 95 95 95 95
0 2 6 72 1 7 81 3 4 8 81 15 90 10 12 4 8 85 14 90 10 12 4 8 83 16 93 10 12 4 8 79 18 90 10 12 4 8 83 14 90 10 11 4 8 87 16 94 10 12 4 8 87 16 90 10 12 4 8 74 16 92 10 11 4 8 79 15 94 10 11 4 8 80 15 94 10 11 4 8 87 16 91 10 12 4 8 83 13 90 10 11 4 8 78 16 92 10 12 4 8 74 17 90 10 11 4 8 73 15 93 10 12 4 8 78 17 93 10 11 4 8 80 18 90 10 11 4 8 78 16 90 10 11 4
0 2 6 20 5 6 47 5 6 25 5 6 62 1 7 69 5 7 67 95 95 95 95 95 95 95 95 95 95 95 95 95 95 95 95 95 95 95 95 95 95 95 95 95 95 95 95 95 95 95 95 95 95 95 95 95 95 95 95 95 95 95 95 95 95 95 95 95 95 95 95 95 95 95 95 95 95 95 95 95 95 95 95 95 95 95 95 95 95 95 95 95 95 95 95 95 95 95 95 95 95 95 95 95 95 95 95 95 95 95 95 95 95 95 95 95 95 95 95 95 95 95 95 95 95 95 95 95 95 95 95 95 95 95 95
0 2 6 25 5 6 62 5 6 72 5 6 20 1 7 70 3 4 8 77 13 90 10 11 4 8 27 13 90 10 12 4 8 71 14 90 10 11 4 8 76 14 92 10 11 4 8 79 13 94 10 12 4 8 71 14 92 10 11 4 8 73 15 91 10 11 4 8 75 18 92 10 11 4 8 24 14 90 10 11 4 8 24 14 92 10 11 4 8 88 15 93 10 12 4 8 71 18 89 91 10 11 4 8 73 15 92 10 11 4 8 78 18 94 10 12 4 8 26 15 93 10 11 4 8 71 15 92 10 12 4 8 78 16 91
0 2 6 20 5 6 72 1 7 19 5 7 74 95 95 95 95 95 95 95 95 95 95 95 95 95 95 95 95 95 95 95 95 95 95 95 95 95 95 95 95 95 95 95 95 95 95 95 95 95 95 95 95 95 95 95 95 95 95 95 95 95 95 95 95 95 95 95 95 95 95 95 95 95 95 95 95 95 95 95 95 95 95 95 95 95 95 95 95 95 95 95 95 95 95 95 95 95 95 95 95 95 95 95 95 95 95 95 95 95 95 95 95 95 95 95 95 95 95 95 95 95 95 95 95 95 95 95 95 95 95 95 95 95 95
0 2 6 20 5 6 72 1 7 82 95 95 95 95 95 95 95 95 95 95 95 95 95 95 95 95 95 95 95 95 95 95 95 95 95 95 95 95 95 95 95 95 95 95 95 95 95 95 95 95 95 95 95 95 95 95 95 95 95 95 95 95 95 95 95 95 95 95 95 95 95 95 95 95 95 95 95 95 95 95 95 95 95 95 95 95 95 95 95 95 95 95 95 95 95 95 95 95 95 95 95 95 95 95 95 95 95 95 95 95 95 95 95 95 95 95 95 95 95 95 95 95 95 95 95 95 95 95 95 95 95 95 95 95 95
0 2 6 72 5 6 47 1 7 82 95 95 95 95 95 95 95 95 95 95 95 95 95 95 95 95 95 95 95 95 95 95 95 95 95 95 95 95 95 95 95 95 95 95 95 95 95 95 95 95 95 95 95 95 95 95 95 95 95 95 95 95 95 95 95 95 95 95 95 95 95 95 95 95 95 95 95 95 95 95 95 95 95 95 95 95 95 95 95 95 95 95 95 95 95 95 95 95 95 95 95 95 95 95 95 95 95 95 95 95 95 95 95 95 95 95 95 95 95 95 95 95 95 95 95 95 95 95 95 95 95 95 95 95 95
0 2 6 72 1 7 76 95 95 95 95 95 95 95 95 95 95 95 95 95 95 95 95 95 95 95 95 95 95 95 95 95 95 95 95 95 95 95 95 95 95 95 95 95 95 95 95 95 95 95 95 95 95 95 95 95 95 95 95 95 95 95 95 95 95 95 95 95 95 95 95 95 95 95 95 95 95 95 95 95 95 95 95 95 95 95 95 95 95 95 95 95 95 95 95 95 95 95 95 95 95 95 95 95 95 95 95 95 95 95 95 95 95 95 95 95 95 95 95 95 95 95 95 95 95 95 95 95 95 95 95 95 95 95 95
0 2 6 25 5 6 72 1 7 88 5 7 83 3 4 8 82 17 93 10 11 4 8 81 14 93 10 12 4 8 75 17 94 10 11 4 8 26 17 89 90 10 11 4 8 73 16 91 10 12 4 8 74 17 91 10 11 4 8 87 16 91 10 12 4 8 73 17 94 10 11 4 8 28 15 92 10 12 4 8 27 13 94 10 12 4 8 75 16 91 10 11 4 8 87 16 93 10 12 4 8 78 16 92 10 11 4 8 86 14 94 10 12 4 8 84 15 94 10 12 4 8 87 16 91 10 12 4 8 75 17 91 10 12 4
0 2 6 25 1 7 19 95 95 95 95 95 95 95 95 95 95 95 95 95 95 95 95 95 95 95 95 95 95 95 95 95 95 95 95 95 95 95 95 95 95 95 95 95 95 95 95 95 95 95 95 95 95 95 95 95 95 95 95 95 95 95 95 95 95 95 95 95 95 95 95 95 95 95 95 95 95 95 95 95 95 95 95 95 95 95 95 95 95 95 95 95 95 95 95 95 95 95 95 95 95 95 95 95 95 95 95 95 95 95 95 95 95 95 95 95 95 95 95 95 95 95 95 95 95 95 95 95 95 95 95 95 95 95 95
0 2 6 25 5 6 62 1 7 19 3 4 8 26 15 94 10 11 4 8 68 13 94 10 11 4 8 26 14 92 10 12 4 8 26 16 91 10 11 4 8 67 13 94 10 12 4 8 26 15 94 10 11 4 8 26 15 90 10 12 4 8 71 15 93 10 11 4 8 26 17 91 10 11 4 8 63 14 89 94 10 12 4 8 67 17 90 10 12 4 8 26 16 91 10 11 4 8 66 15 94 10 11 4 8 71 16 92 10 11 4 8 64 17 90 10 12 4 8 71 17 94 10 11 4 8 26 18 89 90 10 12 4 8 27
0 2 6 72 5 6 62 5 6 29 1 7 81 95 95 95 95 95 95 95 95 95 95 95 95 95 95 95 95 95 95 95 95 95 95 95 95 95 95 95 95 95 95 95 95 95 95 95 95 95 95 95 95 95 95 95 95 95 95 95 95 95 95 95 95 95 95 95 95 95 95 95 95 95 95 95 95 95 95 95 95 95 95 95 95 95 95 95 95 95 95 95 95 95 95 95 95 95 95 95 95 95 95 95 95 95 95 95 95 95 95 95 95 95 95 95 95 95 95 95 95 95 95 95 95 95 95 95 95 95 95 95 95 95 95
0 2 6 72 1 7 78 5 7 83 5 7 86 5 7 84 5 7 19 5 7 84 95 95 95 95 95 95 95 95 95 95 95 95 95 95 95 95 95 95 95 95 95 95 95 95 95 95 95 95 95 95 95 95 95 95 95 95 95 95 95 95 95 95 95 95 95 95 95 95 95 95 95 95 95 95 95 95 95 95 95 95 95 95 95 95 95 95 95 95 95 95 95 95 95 95 95 95 95 95 95 95 95 95 95 95 95 95 95 95 95 95 95 95 95 95 95 95 95 95 95 95 95 95 95 95 95 95 95 95 95 95 95 95 95
0 2 6 72 1 7 19 5 7 81 3 4 8 74 17 91 10 11 4 8 75 14 93 10 12 4 8 84 16 91 10 12 4 8 77 18 89 94 10 11 4 8 75 18 94 10 12 4 8 86 17 94 10 11 4 8 73 15 92 10 11 4 8 79 13 94 10 12 4 8 74 16 91 10 11 4 8 81 16 93 10 11 4 8 87 14 90 10 12 4 8 87 16 90 10 11 4 8 74 13 94 10 12 4 8 81 15 91 10 11 4 8 73 17 92 10 11 4 8 73 16 94 10 11 4 8 79 15 93 10 12 4 8 74 16
0 2 6 72 5 6 20 5 6 47 5 6 25 1 7 51 95 95 95 95 95 95 95 95 95 95 95 95 95 95 95 95 95 95 95 95 95 95 95 95 95 95 95 95 95 95 95 95 95 95 95 95 95 95 95 95 95 95 95 95 95 95 95 95 95 95 95 95 95 95 95 95 95 95 95 95 95 95 95 95 95 95 95 95 95 95 95 95 95 95 95 95 95 95 95 95 95 95 95 95 95 95 95 95 95 95 95 95 95 95 95 95 95 95 95 95 95 95 95 95 95 95 95 95 95 95 95 95 95 95 95 95 95 95 95
0 2 6 20 5 6 72 1 7 87 95 95 95 95 95 95 95 95 95 95 95 95 95 95 95 95 95 95 95 95 95 95 95 95 95 95 95 95 95 95 95 95 95 95 95 95 95 95 95 95 95 95 95 95 95 95 95 95 95 95 95 95 95 95 95 95 95 95 95 95 95 95 95 95 95 95 95 95 95 95 95 95 95 95 95 95 95 95 95 95 95 95 95 95 95 95 95 95 95 95 95 95 95 95 95 95 95 95 95 95 95 95 95 95 95 95 95 95 95 95 95 95 95 95 95 95 95 95 95 95 95 95 95 95 95
0 2 6 53 5 6 20 5 6 72 1 7 55 5 7 87 3 4 8 58 15 93 10 11 4 8 73 16 90 10 12 4 8 88 13 94 10 12 4 8 80 18 94 10 12 4 8 78 16 90 10 11 4 8 74 17 93 10 12 4 8 59 16 94 10 12 4 8 74 16 93 10 11 4 8 74 17 92 10 12 4 8 86 14 90 10 12 4 8 82 13 94 10 12 4 8 84 17 91 10 12 4 8 76 13 94 10 11 4 8 59 17 93 10 12 4 8 58 14 92 10 11 4 8 74 17 92 10 12 4 8 73 16 90 10
0 2 6 62 5 6 25 1 7 70 3 4 8 67 16 94 10 11 4 8 67 16 94 10 12 4 8 63 18 89 90 10 11 4 8 68 13 94 10 11 4 8 63 16 91 10 11 4 8 26 13 94 10 11 4 8 71 13 94 10 12 4 8 71 13 93 10 11 4 8 68 18 94 10 11 4 8 69 16 91 10 11 4 8 26 13 90 10 11 4 8 27 14 92 10 11 4 8 26 15 94 10 11 4 8 71 16 91 10 11 4 8 26 15 89 94 10 11 4 8 65 18 89 92 10 12 4 8 67 16 90 10 11 4 8
0 2 6 47 5 6 72 1 7 73 3 4 8 81 18 89 90 10 11 4 8 79 13 90 10 11 4 8 86 14 90 10 11 4 8 75 15 94 10 12 4 8 50 17 94 10 12 4 8 81 15 94 10 11 4 8 49 16 90 10 11 4 8 51 13 89 90 10 11 4 8 73 16 93 10 11 4 8 48 18 90 10 12 4 8 78 18 92 10 11 4 8 87 16 90 10 11 4 8 84 17 93 10 11 4 8 74 13 94 10 12 4 8 75 17 89 92 10 12 4 8 84 17 91 10 11 4 8 73 16 91 10 11 4 8
0 2 6 72 1 7 83 3 4 8 85 16 94 10 11 4 8 75 14 92 10 12 4 8 83 16 90 10 12 4 8 73 15 93 10 11 4 8 88 13 94 10 11 4 8 75 14 92 10 12 4 8 80 18 90 10 11 4 8 87 15 91 10 11 4 8 74 13 94 10 11 4 8 73 17 93 10 11 4 8 77 13 94 10 11 4 8 87 16 92 10 11 4 8 87 16 89 94 10 11 4 8 75 18 91 10 11 4 8 78 16 91 10 12 4 8 86 17 91 10 11 4 8 75 16 93 10 11 4 8 74 14 92 10 12
